6 1.51669
54 0.77853
109 0.403376
162 0.20919
211 0.108455
313 0.05625
408 0.0285182
461 0.00999693
513 0.00398114
563 -0.00298516
613 -0.0020493
663 -0.00647569
713 -0.00438316
765 -0.00331507
815 -0.00697706
866 -0.00465482
964 -0.00748378
1013 -0.00461025
1062 0.000554644
1118 -0.00100845
1169 -0.0249537
1219 -0.0429795
1270 -0.0341241
1321 -0.0278996
1374 -0.0430478
1430 -0.041409
1485 -0.0419307
1535 -0.0454806
1586 -0.0414448
1636 -0.0433103
1688 -0.0442188
1738 -0.0423344
1791 -0.038535
1842 -0.034208
1894 -0.0329054
1990 -0.0383173
2040 -0.0417598
2093 -0.0328841
2146 -0.0394534
2199 -0.0633844
2249 -0.0825668
2299 -0.0741047
2396 -0.0786088
2451 -0.0685918
2500 -0.0693788
2551 -0.0682133
2602 -0.0713703
2700 -0.0750168
2752 -0.0663776
2849 -0.0723089
2942 -0.0664528
2991 -0.0648333
3044 -0.0702558
3094 -0.0556862
3146 -0.0675521
3198 -0.089468
3247 -0.111724
3297 -0.0989112
3393 -0.106598
3451 -0.0988109
3508 -0.100483
3558 -0.0988318
3610 -0.10003
3659 -0.102962
3711 -0.0974935
3766 -0.100398
3817 -0.10443
3866 -0.103773
3916 -0.0968104
3967 -0.0952316
4020 -0.0946082
4073 -0.0922318
4128 -0.10009
4181 -0.112525
4230 -0.133815
4280 -0.123716
4329 -0.121676
4379 -0.129013
4431 -0.123492
4482 -0.124072
4537 -0.127935
4588 -0.131176
4640 -0.135226
4693 -0.129284
4748 -0.132603
4802 -0.136717
4857 -0.135812
4909 -0.13618
4961 -0.136647
5012 -0.129397
5066 -0.124527
5122 -0.131931
5174 -0.148727
5224 -0.173561
5275 -0.16655
5328 -0.164134
5379 -0.171714
5431 -0.166319
5487 -0.160607
5539 -0.166999
5639 -0.168882
5691 -0.160759
5743 -0.157488
5799 -0.165754
5850 -0.166672
5948 -0.160433
5998 -0.158085
6052 -0.148611
6107 -0.15533
6205 -0.197514
6259 -0.198009
6308 -0.192957
6358 -0.201819
6408 -0.200861
6460 -0.19652
6512 -0.193526
6564 -0.195834
6619 -0.197043
6672 -0.200274
6721 -0.190743
6774 -0.189634
6825 -0.187962
6876 -0.194135
6926 -0.191122
6976 -0.187995
7026 -0.195549
7078 -0.181363
7130 -0.193323
7180 -0.216384
7230 -0.238026
7280 -0.229078
7330 -0.21828
7380 -0.222644
7432 -0.225307
7484 -0.22649
7536 -0.23232
7590 -0.227925
7639 -0.229354
7692 -0.22241
7742 -0.224957
7795 -0.221466
7845 -0.225095
7896 -0.220531
7948 -0.226446
8000 -0.227313
8050 -0.219229
8103 -0.225299
8156 -0.247983
8208 -0.269854
8259 -0.260863
8311 -0.257465
8364 -0.263819
8413 -0.260114
8467 -0.259646
8518 -0.264536
8569 -0.259101
8619 -0.262449
8671 -0.262953
8726 -0.259764
8779 -0.26147
8833 -0.26183
8883 -0.2605
8982 -0.259789
9034 -0.2621
9085 -0.250934
9138 -0.25904
9188 -0.283074
9238 -0.303917
9288 -0.295871
9340 -0.290311
9437 -0.292459
9490 -0.293126
9547 -0.298089
9597 -0.294669
9647 -0.29656
9698 -0.29668
9803 -0.295391
9856 -0.295536
9908 -0.295629
9961 -0.298785
10018 -0.296221
10070 -0.287225
10125 -0.292466
10178 -0.310289
10229 -0.332893
10282 -0.327403
10333 -0.322711
10383 -0.330414
10435 -0.327774
10487 -0.325925
10538 -0.329879
10590 -0.326927
10641 -0.326577
10690 -0.328778
10740 -0.326648
10793 -0.327293
10848 -0.327021
10898 -0.326596
10950 -0.327641
11000 -0.326617
11053 -0.317317
11103 -0.323718
11158 -0.341157
11209 -0.363044
11262 -0.354854
11320 -0.351987
11379 -0.358503
11437 -0.35341
11494 -0.355741
11554 -0.355461
11608 -0.355868
11660 -0.357108
11711 -0.354566
11765 -0.356368
11816 -0.356294
11871 -0.355833
11923 -0.357013
11974 -0.355733
12024 -0.357023
12075 -0.346695
12129 -0.353827
12178 -0.373586
12228 -0.395777
12279 -0.388602
12329 -0.384318
12381 -0.392608
12435 -0.388968
12487 -0.388477
12540 -0.391823
12593 -0.387935
12642 -0.389777
12692 -0.389186
12741 -0.388126
12794 -0.389514
12844 -0.389039
12894 -0.388969
12948 -0.390035
12999 -0.388145
13051 -0.379501
13104 -0.385699
13155 -0.403234
13205 -0.426556
13254 -0.421795
13305 -0.415992
13354 -0.423357
13404 -0.421024
13458 -0.417706
13508 -0.422313
13560 -0.419643
13611 -0.420002
13663 -0.421841
13715 -0.419594
13766 -0.420293
13818 -0.420107
13870 -0.41976
13920 -0.420905
13973 -0.420481
14024 -0.420386
14076 -0.410267
14128 -0.417275
14182 -0.435987
14232 -0.458041
14283 -0.450246
14333 -0.446625
14382 -0.454693
14435 -0.452239
14489 -0.448956
14539 -0.453434
14589 -0.451399
14639 -0.450383
14692 -0.452953
14742 -0.450851
14794 -0.451963
14846 -0.452012
14897 -0.451257
14947 -0.451742
14997 -0.451224
15050 -0.44197
15101 -0.448951
15153 -0.467684
15205 -0.488763
15254 -0.483075
15305 -0.478202
15354 -0.485103
15404 -0.481852
15457 -0.480161
15506 -0.484499
15556 -0.480636
15614 -0.48222
15663 -0.482679
15715 -0.48073
15766 -0.482916
15818 -0.48165
15867 -0.482265
15919 -0.482633
15971 -0.481769
16020 -0.482676
16075 -0.472359
16126 -0.47924
16179 -0.49907
16231 -0.520901
16280 -0.514262
16330 -0.510087
16380 -0.517476
16430 -0.513278
16482 -0.512047
16533 -0.515936
16585 -0.512037
16637 -0.513881
16688 -0.514919
16739 -0.513023
16791 -0.514989
16840 -0.513821
16891 -0.51384
16940 -0.514812
16991 -0.513181
17043 -0.504811
17097 -0.511192
17154 -0.529833
17204 -0.551968
17257 -0.546985
17308 -0.543099
17358 -0.549742
17408 -0.545035
17462 -0.543971
17512 -0.548026
17562 -0.544802
17615 -0.545455
17664 -0.546286
17714 -0.544694
17766 -0.54614
17820 -0.545232
17872 -0.545032
17926 -0.546412
17982 -0.545312
18035 -0.546104
18089 -0.535659
18145 -0.542647
18200 -0.563728
18253 -0.583419
18309 -0.575285
18360 -0.575043
18413 -0.580894
18466 -0.574813
18517 -0.576694
18566 -0.579089
18618 -0.575467
18670 -0.577234
18722 -0.577773
18772 -0.576228
18824 -0.57823
18875 -0.576743
18925 -0.576674
18976 -0.577507
19025 -0.576404
19076 -0.567202
19129 -0.573608
19181 -0.594738
19236 -0.61509
19289 -0.607687
19340 -0.60485
19390 -0.611194
19444 -0.605849
19495 -0.60617
19546 -0.609361
19596 -0.605571
19649 -0.608233
19698 -0.607975
19750 -0.606536
19803 -0.608439
19855 -0.607138
19905 -0.60799
19958 -0.607939
20012 -0.607208
20061 -0.598327
20115 -0.604019
20169 -0.62551
20219 -0.646125
20273 -0.639137
20328 -0.637245
20380 -0.643295
20432 -0.637273
20484 -0.639369
20539 -0.641278
20590 -0.637782
20641 -0.64053
20691 -0.639705
20746 -0.638863
20801 -0.640555
20852 -0.638853
20906 -0.639915
20956 -0.639792
21005 -0.639362
21054 -0.63056
21109 -0.636193
21167 -0.651614
21223 -0.676181
21281 -0.669042
21338 -0.669721
21394 -0.673771
21445 -0.667886
21496 -0.67214
21547 -0.671899
21596 -0.668831
21650 -0.671984
21701 -0.670752
21754 -0.670054
21807 -0.671718
21857 -0.670078
21908 -0.671106
21959 -0.671219
22013 -0.670297
22063 -0.661538
22115 -0.667532
22167 -0.684788
22217 -0.707633
22269 -0.705199
22321 -0.696459
22374 -0.70476
22429 -0.703022
22482 -0.700276
22536 -0.704277
22587 -0.701097
22637 -0.701417
22687 -0.702738
22739 -0.700208
22792 -0.702071
22843 -0.702079
22894 -0.700903
22946 -0.702592
22995 -0.70127
23046 -0.691777
23098 -0.698928
23149 -0.715109
23199 -0.738646
23251 -0.734423
23303 -0.727845
23355 -0.73617
23409 -0.732089
23465 -0.73061
23515 -0.73457
23568 -0.730797
23618 -0.73286
23672 -0.733281
23726 -0.731842
23779 -0.734032
23830 -0.731947
23880 -0.732681
23932 -0.732787
23984 -0.732006
24040 -0.733404
24090 -0.722664
24142 -0.729612
24193 -0.747703
24245 -0.770853
24296 -0.764094
24346 -0.761437
24397 -0.76852
24454 -0.764231
24507 -0.764655
24563 -0.767329
24616 -0.763704
24669 -0.766029
24721 -0.764936
24777 -0.764527
24829 -0.765679
24883 -0.76442
24939 -0.765756
24992 -0.76539
25044 -0.76499
25100 -0.75567
25156 -0.762108
25206 -0.784254
25258 -0.804638
25309 -0.796968
25360 -0.79353
25410 -0.801884
25466 -0.796371
25520 -0.796274
25572 -0.799146
25623 -0.79576
25676 -0.797677
25730 -0.79714
25783 -0.796135
25834 -0.79801
25888 -0.796748
25939 -0.797383
25991 -0.79757
26042 -0.796916
26095 -0.787882
26149 -0.794056
26200 -0.814172
26253 -0.837565
26306 -0.83163
26357 -0.825515
26409 -0.834587
26462 -0.831182
26515 -0.829553
26568 -0.834873
26620 -0.831443
26670 -0.833114
26719 -0.833588
26773 -0.831427
26827 -0.830255
26879 -0.831329
26930 -0.831882
26983 -0.83017
27035 -0.831081
27090 -0.819822
27142 -0.826829
27195 -0.850185
27246 -0.868737
27299 -0.861361
27353 -0.858488
27406 -0.864935
27459 -0.860181
27511 -0.862618
27565 -0.863412
27619 -0.86011
27672 -0.862804
27728 -0.86093
27781 -0.861956
27835 -0.862972
27886 -0.861253
27936 -0.862772
27987 -0.861356
28039 -0.862345
28091 -0.852847
28143 -0.859079
28194 -0.8779
28244 -0.899454
28295 -0.893415
28348 -0.888843
28399 -0.895877
28456 -0.892698
28508 -0.891861
28562 -0.89496
28615 -0.891235
28668 -0.893308
28719 -0.892813
28771 -0.891759
28823 -0.893301
28879 -0.892105
28931 -0.892805
28982 -0.892926
29033 -0.892016
29085 -0.883236
29140 -0.888963
29192 -0.906685
29244 -0.928848
29296 -0.921999
29347 -0.919445
29399 -0.926529
29457 -0.921706
29511 -0.923293
29562 -0.924876
29612 -0.921853
29670 -0.923914
29726 -0.923275
29783 -0.922985
29836 -0.924041
29889 -0.922331
29941 -0.92339
29995 -0.923046
30047 -0.923066
30102 -0.913769
30162 -0.919908
30220 -0.943031
30285 -0.959817
30341 -0.949518
30395 -0.955657
30453 -0.956803
30508 -0.951321
30562 -0.95623
30618 -0.953367
30674 -0.953485
30727 -0.955497
30787 -0.952891
30842 -0.95504
30893 -0.953367
30949 -0.953905
31003 -0.954012
31057 -0.943348
31114 -0.951248
31172 -0.975391
31232 -0.989356
31289 -0.9797
31346 -0.985771
31403 -0.98408
31460 -0.981385
31517 -0.985089
31571 -0.981559
31629 -0.983631
31687 -0.983304
31746 -0.982595
31806 -0.983787
31860 -0.983136
31913 -0.983887
31967 -0.983038
32023 -0.983862
32077 -0.973439
32135 -0.980165
32193 -1.00706
32250 -1.02128
32303 -1.01149
32357 -1.01645
32413 -1.01744
32470 -1.01391
32522 -1.01834
32578 -1.01496
32635 -1.01542
32690 -1.01678
32746 -1.01515
32801 -1.0171
32860 -1.01563
32914 -1.01619
32970 -1.0161
33024 -1.01562
33078 -1.00688
33137 -1.0127
33189 -1.03353
33245 -1.05432
33303 -1.04475
33359 -1.04852
33414 -1.05207
33471 -1.04606
33523 -1.04993
33577 -1.04876
33632 -1.0478
33687 -1.05026
33740 -1.04794
33804 -1.04912
33861 -1.04822
33921 -1.04833
33978 -1.04862
34038 -1.04818
34095 -1.0391
34149 -1.04514
34208 -1.06996
34262 -1.08571
34315 -1.07644
34370 -1.07901
34423 -1.08376
34482 -1.07715
34536 -1.08093
34589 -1.0808
34643 -1.07877
34696 -1.08149
34750 -1.07896
34805 -1.08006
34858 -1.08016
34913 -1.07875
34970 -1.08039
35023 -1.0788
35078 -1.07037
35136 -1.07637
35190 -1.09773
35242 -1.11735
35295 -1.10872
35350 -1.10775
35407 -1.11395
35464 -1.10813
35517 -1.11274
35573 -1.1112
35627 -1.11004
35681 -1.1126
35735 -1.10994
35793 -1.11189
35847 -1.1105
35900 -1.111
35958 -1.11152
36011 -1.11061
36064 -1.10194
36127 -1.10756
36180 -1.13399
36235 -1.14908
36289 -1.1396
36343 -1.14377
36395 -1.14631
36452 -1.14066
36506 -1.14494
36560 -1.14303
36613 -1.14211
36668 -1.14467
36725 -1.14243
36781 -1.14403
36840 -1.1431
36894 -1.1435
36949 -1.14399
37006 -1.14302
37060 -1.13402
37114 -1.14006
37167 -1.16157
37222 -1.18312
37276 -1.17396
37328 -1.17329
37380 -1.17954
37436 -1.17323
37493 -1.17603
37547 -1.17678
37600 -1.17433
37653 -1.17665
37708 -1.17474
37763 -1.17562
37820 -1.17595
37877 -1.17486
37930 -1.17616
37985 -1.17489
38042 -1.17529
38100 -1.16549
38154 -1.17249
38211 -1.19969
38266 -1.21264
38319 -1.20345
38373 -1.20747
38430 -1.2106
38484 -1.20465
38538 -1.20816
38592 -1.20739
38645 -1.20566
38697 -1.20829
38750 -1.20642
38804 -1.20714
38856 -1.20729
38908 -1.20645
38963 -1.20778
39016 -1.20685
39070 -1.19745
39129 -1.20429
39184 -1.2307
39240 -1.24495
39295 -1.23443
39348 -1.23885
39400 -1.24027
39458 -1.23503
39513 -1.23938
39571 -1.23692
39625 -1.23777
39678 -1.23891
39731 -1.23664
39786 -1.23845
39842 -1.23694
39895 -1.2378
39947 -1.23787
40000 -1.2373
40054 -1.22862
40110 -1.23446
40170 -1.25813
40223 -1.27598
40279 -1.26706
40334 -1.26947
40389 -1.27336
40445 -1.26716
40499 -1.27152
40554 -1.27005
40607 -1.26892
40659 -1.27115
40711 -1.26892
40766 -1.27059
40819 -1.2704
40871 -1.26943
40926 -1.27075
40978 -1.26941
41031 -1.27035
41084 -1.26019
41139 -1.26693
41196 -1.28621
41250 -1.31081
41307 -1.30143
41364 -1.30285
41422 -1.30587
41477 -1.29975
41530 -1.30401
41584 -1.30481
41642 -1.30402
41697 -1.30454
41750 -1.30137
41807 -1.30266
41862 -1.3028
41917 -1.3025
41969 -1.30305
42021 -1.30179
42073 -1.29304
42128 -1.29954
42179 -1.32374
42236 -1.34084
42291 -1.33177
42348 -1.33042
42401 -1.33641
42456 -1.33068
42510 -1.33321
42564 -1.33404
42616 -1.3342
42670 -1.33691
42722 -1.33416
42778 -1.33547
42830 -1.33442
42888 -1.33263
42941 -1.33393
42994 -1.33275
43047 -1.3334
43102 -1.32358
43155 -1.32998
43207 -1.35
43258 -1.36951
43314 -1.36363
43365 -1.36128
43418 -1.36621
43476 -1.36129
43527 -1.36421
43582 -1.36354
43634 -1.36059
43687 -1.36326
43743 -1.3614
43798 -1.36211
43850 -1.3626
43904 -1.36244
43956 -1.36299
44008 -1.36175
44062 -1.35243
44116 -1.35848
44171 -1.37807
44227 -1.40115
44281 -1.39188
44342 -1.39252
44399 -1.39607
44456 -1.39318
44510 -1.39704
44565 -1.39442
44619 -1.39383
44675 -1.39572
44731 -1.39377
44788 -1.39704
44841 -1.39506
44892 -1.3946
44945 -1.39518
44999 -1.39436
45050 -1.38564
45109 -1.39136
45162 -1.41596
45215 -1.43477
45268 -1.42646
45320 -1.42605
45376 -1.43146
45430 -1.42512
45484 -1.4278
45536 -1.42844
45591 -1.42568
45643 -1.42872
45696 -1.427
45751 -1.42682
45807 -1.42961
45863 -1.42722
45922 -1.42816
45974 -1.42886
46026 -1.43013
46080 -1.4201
46134 -1.42491
46188 -1.4453
46241 -1.46536
46294 -1.45688
46351 -1.4548
46406 -1.46178
46466 -1.45683
46521 -1.46101
46572 -1.46032
46624 -1.45682
46677 -1.461
46729 -1.46021
46781 -1.46021
46833 -1.45976
46884 -1.45953
46937 -1.45914
46988 -1.4585
47040 -1.45807
47094 -1.44889
47148 -1.45491
47201 -1.48053
47253 -1.49653
47304 -1.48708
47355 -1.48587
47407 -1.49407
47461 -1.48692
47516 -1.48916
47569 -1.49143
47621 -1.48885
47675 -1.49207
47725 -1.48878
47781 -1.48901
47833 -1.48921
47886 -1.48822
47944 -1.48972
47995 -1.48849
48047 -1.48915
48101 -1.47946
48155 -1.48731
48209 -1.5102
48260 -1.52672
48312 -1.52014
48365 -1.519
48419 -1.52552
48472 -1.51906
48526 -1.52134
48579 -1.52198
48631 -1.51915
48683 -1.52408
48734 -1.52276
48788 -1.52128
48842 -1.52365
48893 -1.52088
48947 -1.52184
48999 -1.52263
49051 -1.51197
49104 -1.52025
49157 -1.53372
49212 -1.55736
49264 -1.55142
49317 -1.54888
49368 -1.55454
49422 -1.5497
49475 -1.54969
49529 -1.55233
49584 -1.54997
49636 -1.55298
49687 -1.5524
49738 -1.55119
49791 -1.55208
49845 -1.551
49897 -1.55214
49951 -1.55157
50007 -1.5514
50061 -1.54147
50114 -1.54837
50166 -1.56944
50216 -1.58926
50268 -1.58258
50321 -1.57873
50372 -1.58617
50427 -1.5819
50481 -1.58127
50534 -1.58494
50589 -1.58132
50645 -1.5827
50696 -1.58305
50747 -1.58091
50801 -1.58247
50855 -1.58193
50907 -1.58191
50961 -1.58225
51013 -1.58241
51069 -1.57296
51124 -1.57935
51179 -1.60313
51233 -1.62098
51287 -1.61054
51341 -1.61019
51393 -1.61528
51450 -1.60949
51501 -1.61394
51552 -1.61345
51603 -1.61073
51656 -1.61359
51711 -1.61212
51763 -1.6131
51815 -1.61312
51866 -1.61195
51917 -1.61356
51972 -1.61196
52025 -1.61264
52078 -1.60227
52131 -1.6088
52185 -1.63383
52236 -1.6524
52289 -1.64366
52342 -1.64269
52394 -1.64816
52447 -1.64251
52499 -1.6453
52552 -1.64662
52603 -1.64277
52654 -1.64514
52707 -1.644
52760 -1.64391
52813 -1.64582
52863 -1.64371
52917 -1.64518
52970 -1.64456
53021 -1.64419
53071 -1.63521
53127 -1.64146
53178 -1.65929
53230 -1.68307
53281 -1.6756
53334 -1.67261
53384 -1.68018
53437 -1.67619
53490 -1.67594
53541 -1.679
53593 -1.67571
53643 -1.67664
53697 -1.67754
53753 -1.67543
53807 -1.67746
53856 -1.67624
53908 -1.67624
53959 -1.67732
54012 -1.67631
54066 -1.66765
54123 -1.6735
54177 -1.69584
54228 -1.71472
54280 -1.70602
54332 -1.70456
54386 -1.71101
54442 -1.70584
54497 -1.70623
54548 -1.7089
54598 -1.70545
54649 -1.70782
54701 -1.70795
54754 -1.70646
54809 -1.70822
54864 -1.70704
54917 -1.70783
54968 -1.70776
55019 -1.70668
55071 -1.69789
55124 -1.70398
55175 -1.72339
55226 -1.74494
55276 -1.73835
55327 -1.73366
55378 -1.7408
55432 -1.73671
55484 -1.73645
55534 -1.74004
55587 -1.73658
55638 -1.73865
55689 -1.73827
55739 -1.73709
55792 -1.73898
55845 -1.7376
55894 -1.73813
55947 -1.73829
56002 -1.73737
56056 -1.72857
56109 -1.73449
56160 -1.75413
56212 -1.77615
56265 -1.76853
56316 -1.76616
56368 -1.7735
56422 -1.76895
56473 -1.76931
56526 -1.77224
56580 -1.76918
56633 -1.77146
56682 -1.77055
56733 -1.76943
56788 -1.77103
56839 -1.76961
56894 -1.77044
56949 -1.77031
57000 -1.76986
57049 -1.76086
57101 -1.76659
57156 -1.78656
57207 -1.80947
57257 -1.80331
57309 -1.79809
57361 -1.80503
57414 -1.80083
57468 -1.80049
57523 -1.80403
57577 -1.80074
57632 -1.80322
57686 -1.80321
57739 -1.80156
57793 -1.80302
57847 -1.80124
57901 -1.80188
57961 -1.80191
58011 -1.80233
58067 -1.79298
58125 -1.79925
58175 -1.81953
58226 -1.83972
58280 -1.83221
58337 -1.82922
58391 -1.83882
58444 -1.83269
58496 -1.8337
58548 -1.83542
58600 -1.83246
58652 -1.83417
58706 -1.83373
58759 -1.83295
58811 -1.83408
58909 -1.83365
58960 -1.83373
59017 -1.83338
59070 -1.82379
59122 -1.83023
59173 -1.85312
59225 -1.87384
59276 -1.86509
59329 -1.86403
59385 -1.87075
59440 -1.86478
59491 -1.86407
59542 -1.86797
59593 -1.86523
59644 -1.86624
59695 -1.86379
59747 -1.86319
59800 -1.86706
59851 -1.86357
59902 -1.86476
59953 -1.86415
60007 -1.86318
60064 -1.85595
60117 -1.86081
60171 -1.88874
60224 -1.90651
60274 -1.89749
60329 -1.89791
60385 -1.90274
60442 -1.89628
60494 -1.90032
60546 -1.89944
60601 -1.89723
60652 -1.9002
60706 -1.89822
60807 -1.89919
60857 -1.898
60910 -1.89945
60962 -1.89875
61064 -1.88956
61123 -1.8957
61179 -1.92145
61231 -1.9385
61286 -1.92941
61343 -1.93001
61401 -1.93392
61460 -1.92842
61515 -1.93277
61573 -1.93022
61627 -1.93022
61683 -1.93225
61741 -1.9301
61795 -1.93187
61847 -1.9307
61898 -1.93077
61950 -1.9316
62001 -1.93045
62054 -1.92156
62110 -1.92775
62167 -1.94808
62219 -1.9685
62272 -1.96089
62327 -1.95814
62376 -1.96456
62430 -1.96043
62482 -1.96069
62536 -1.96401
62592 -1.96073
62643 -1.96302
62696 -1.96262
62747 -1.96096
62799 -1.96285
62851 -1.96173
62902 -1.96222
62953 -1.96257
63005 -1.96168
63054 -1.9527
63108 -1.95889
63163 -1.98046
63219 -2.00054
63271 -1.98956
63325 -1.98988
63377 -1.99545
63489 -1.99036
63592 -1.99258
63698 -1.99472
63801 -1.99335
63909 -1.99207
64024 -1.9918
64138 -1.98199
64246 -2.01036
64356 -2.01564
64464 -2.02419
64570 -2.02898
64677 -2.02492
64785 -2.02381
64895 -2.0246
65001 -2.02568
65104 -2.01568
65206 -2.03643
65311 -2.04747
65421 -2.05913
65526 -2.05671
65639 -2.05497
65745 -2.05708
65850 -2.05868
65955 -2.05866
66060 -2.05767
66168 -2.04732
66272 -2.07456
66382 -2.07993
66486 -2.09093
66589 -2.08955
66703 -2.0866
66806 -2.08752
66910 -2.08925
67012 -2.08955
67123 -2.08008
67228 -2.10659
67330 -2.11127
67433 -2.12046
67534 -2.11984
67642 -2.11794
67740 -2.11957
67844 -2.12225
67943 -2.12072
68041 -2.1209
68140 -2.11079
68243 -2.13132
68345 -2.14595
68451 -2.15303
68554 -2.14969
68653 -2.14869
68763 -2.15395
68863 -2.15513
69052 -2.15196
69151 -2.14207
69250 -2.1609
69352 -2.1783
69463 -2.18561
69564 -2.18254
69661 -2.18154
69762 -2.18478
69860 -2.18459
69961 -2.18279
70060 -2.18316
70161 -2.17398
70264 -2.19297
70380 -2.20753
70485 -2.21723
70587 -2.21566
70687 -2.21274
70792 -2.21519
70894 -2.21582
70995 -2.21464
71094 -2.2043
71195 -2.23068
71305 -2.23793
71404 -2.24688
71501 -2.24575
71609 -2.24286
71714 -2.24392
71812 -2.24592
71909 -2.24591
72010 -2.2447
72116 -2.23508
72220 -2.26156
72328 -2.26828
72434 -2.27886
72531 -2.27849
72633 -2.27557
72730 -2.27696
72828 -2.27847
72926 -2.27751
73026 -2.27685
73130 -2.26764
73237 -2.29346
73337 -2.30179
73440 -2.31255
73537 -2.31013
73637 -2.30866
73734 -2.31126
73834 -2.31105
73931 -2.30972
74033 -2.31013
74142 -2.30116
74250 -2.32591
74353 -2.33382
74451 -2.34409
74548 -2.34165
74649 -2.34058
74750 -2.34321
74848 -2.34397
74956 -2.34181
75057 -2.3415
75157 -2.33222
75255 -2.35397
75357 -2.36665
75465 -2.37487
75563 -2.37203
75661 -2.37034
75761 -2.3728
75870 -2.37376
75968 -2.37284
76064 -2.37181
76162 -2.36245
76265 -2.38501
76365 -2.39836
76468 -2.40699
76578 -2.40393
76688 -2.40246
76803 -2.40404
76903 -2.40542
76999 -2.40558
77097 -2.39445
77199 -2.41184
77301 -2.43232
77407 -2.43949
77513 -2.43507
77624 -2.43476
77744 -2.43718
77844 -2.43803
77942 -2.43739
78041 -2.43653
78140 -2.42691
78239 -2.44522
78345 -2.46427
78451 -2.47101
78548 -2.46685
78649 -2.46794
78756 -2.46995
78869 -2.46902
78970 -2.46811
79069 -2.46767
79168 -2.45865
79270 -2.48402
79378 -2.49534
79484 -2.5042
79595 -2.50266
79719 -2.50021
79824 -2.50036
79960 -2.50116
80313 -2.4917
80422 -2.52714
80534 -2.52973
80651 -2.52737
80766 -2.52773
80890 -2.53027
81012 -2.5316
81130 -2.52208
81246 -2.5473
81362 -2.54996
81490 -2.55919
81619 -2.56301
81742 -2.5642
81857 -2.56376
81976 -2.56226
82107 -2.56136
82219 -2.55127
82341 -2.58
82456 -2.58367
82565 -2.5915
82678 -2.5961
82795 -2.59467
82915 -2.5933
83034 -2.59303
83158 -2.58346
83267 -2.61751
83369 -2.61703
83475 -2.6255
83578 -2.62798
83680 -2.62501
83785 -2.62423
83888 -2.62552
83987 -2.62644
84105 -2.62614
84207 -2.61588
84306 -2.63945
84404 -2.65112
84504 -2.66012
84603 -2.65644
84699 -2.65688
84799 -2.65941
84897 -2.6582
85005 -2.6572
85110 -2.64778
85218 -2.67318
85323 -2.68123
85426 -2.69135
85529 -2.69055
85632 -2.68797
85729 -2.68971
85828 -2.69113
85933 -2.69025
86039 -2.68958
86141 -2.67976
86241 -2.70079
86344 -2.7167
86444 -2.72431
86541 -2.71911
86644 -2.72126
86745 -2.72326
86849 -2.72199
86956 -2.72077
87055 -2.72096
87154 -2.71202
87256 -2.73301
87358 -2.74709
87462 -2.75503
87564 -2.75181
87672 -2.75058
87788 -2.7527
87899 -2.75382
88002 -2.75395
88105 -2.74343
88207 -2.76352
88311 -2.77945
88412 -2.78753
88513 -2.78392
88610 -2.78307
88713 -2.78582
88823 -2.78598
88919 -2.78481
89022 -2.7844
89120 -2.77511
89220 -2.79699
89317 -2.81144
89418 -2.81845
89517 -2.81415
89617 -2.81679
89716 -2.81873
89815 -2.81706
89913 -2.8164
90010 -2.81721
90112 -2.80795
90209 -2.82841
90311 -2.84357
90418 -2.84978
90523 -2.84597
90633 -2.84678
90747 -2.84932
90847 -2.84947
90948 -2.8482
91050 -2.84752
91151 -2.83794
91249 -2.86191
91347 -2.87565
91450 -2.88176
91549 -2.87818
91648 -2.87824
91751 -2.88036
91850 -2.88016
91947 -2.87879
92046 -2.87858
92144 -2.8694
92243 -2.89225
92341 -2.90491
92441 -2.91355
92541 -2.90874
92641 -2.90911
92740 -2.91263
92837 -2.91179
92936 -2.91054
93035 -2.91109
93136 -2.90222
93234 -2.92385
93333 -2.93763
93431 -2.94455
93533 -2.94065
93632 -2.94196
93730 -2.9448
93834 -2.94319
93933 -2.94228
94030 -2.94262
94129 -2.93397
94230 -2.95084
94338 -2.96959
94449 -2.97599
94550 -2.97247
94651 -2.97151
94750 -2.97427
94848 -2.9739
94945 -2.9726
95045 -2.97304
95145 -2.96325
95243 -2.98291
95341 -2.99689
95442 -3.00521
95541 -3.00064
95641 -3.00178
95742 -3.00352
95841 -3.00323
95943 -3.00272
96041 -3.00231
96139 -2.99352
96236 -3.01339
96344 -3.02676
96448 -3.03578
96547 -3.03488
96647 -3.03361
96749 -3.03308
96855 -3.03458
96963 -3.03445
97063 -3.03337
97166 -3.02102
97272 -3.04838
97378 -3.05732
97485 -3.06937
97587 -3.06773
97690 -3.06461
97795 -3.06601
97898 -3.06709
98016 -3.06697
98118 -3.05633
98219 -3.07757
98322 -3.09426
98442 -3.10106
98557 -3.09866
98686 -3.09595
98788 -3.09667
98889 -3.09848
98990 -3.09921
99090 -3.09836
99188 -3.08828
99287 -3.10899
99383 -3.12436
99479 -3.12966
99575 -3.12514
99670 -3.12605
99772 -3.12837
99874 -3.1263
99977 -3.12549
100077 -3.12595
100173 -3.11686
100270 1.15209
100370 2.48776
100473 2.91059
