2 0
48 -0.00182113
98 -0.000535491
145 -0.00202942
194 -0.00058309
244 -8.66869e-05
298 4.67959e-05
348 -0.00180244
401 -0.000535216
456 -0.000101087
506 -0.000130402
559 -3.09292e-05
611 -0.00192016
663 -0.000657063
713 -0.000161244
766 -8.93618e-05
815 -5.77435e-05
868 5.84869e-05
925 -5.23262e-06
974 0.000200174
1025 5.24318e-05
1075 0.00963332
1127 0.00299434
1176 0.0118886
1226 0.0160312
1277 0.0187205
1328 0.0159811
1377 0.0193049
1430 0.0159553
1478 0.0168678
1528 0.017305
1579 0.0185745
1630 0.0190505
1678 0.0180786
1730 0.0188542
1778 0.0180885
1829 0.0189745
1878 0.0185016
1932 0.0186652
1982 0.0184997
2031 0.0182806
2081 0.0268905
2130 0.0209312
2178 0.0352027
2230 0.0415589
2281 0.0435707
2330 0.0431799
2378 0.0450278
2428 0.0434942
2478 0.0452807
2530 0.0436871
2581 0.0446299
2632 0.0438148
2681 0.0452932
2731 0.0447268
2781 0.0438396
2834 0.0444945
2884 0.043715
2939 0.0444271
2990 0.0442511
3039 0.04368
3090 0.0553638
3140 0.0472242
3192 0.0629937
3243 0.0723028
3298 0.0740988
3345 0.0721876
3398 0.0743201
3449 0.0722939
3500 0.0741124
3551 0.0726678
3603 0.0734773
3653 0.0735343
3766 0.0740258
3883 0.0729579
3997 0.0734233
4106 0.0731727
4218 0.0826095
4329 0.0951694
4437 0.100551
4548 0.100121
4657 0.0991684
4770 0.0993268
4883 0.10034
4994 0.100325
5099 0.0996893
5209 0.109444
5318 0.124875
5424 0.130529
5538 0.132009
5655 0.130513
5767 0.131009
5878 0.131836
5994 0.131495
6099 0.13118
6210 0.14122
6319 0.155053
6422 0.15945
6527 0.161859
6633 0.161087
6738 0.160474
6842 0.160415
6949 0.160913
7059 0.161551
7165 0.170668
7277 0.182261
7385 0.189182
7490 0.190513
7596 0.190457
7709 0.189508
7813 0.190062
7920 0.190542
8022 0.190655
8128 0.200342
8233 0.212353
8339 0.217671
8441 0.219512
8543 0.219774
8647 0.218907
8749 0.218017
8852 0.217986
8958 0.218473
9061 0.21893
9166 0.228864
9275 0.245413
9378 0.251593
9481 0.253398
9589 0.253334
9692 0.252135
9808 0.251673
9913 0.252252
10016 0.25268
10119 0.262635
10223 0.274573
10326 0.27968
10431 0.282153
10538 0.282143
10644 0.280661
10748 0.280262
10854 0.280615
10962 0.28132
11066 0.281039
11172 0.290452
11277 0.304568
11381 0.311069
11483 0.313591
11589 0.31366
11691 0.312805
11793 0.312335
11897 0.312432
12004 0.312918
12109 0.323101
12219 0.336461
12328 0.342615
12435 0.344333
12537 0.343311
12643 0.343084
12745 0.34306
12849 0.342855
12952 0.343632
13053 0.343885
13153 0.35327
13263 0.364073
13368 0.372831
13472 0.375672
13581 0.375711
13688 0.374768
13795 0.374509
13900 0.374889
14006 0.375343
14109 0.38489
14212 0.397912
14315 0.403691
14415 0.405894
14521 0.405814
14624 0.404212
14725 0.40324
14832 0.403291
14939 0.404768
15042 0.404728
15144 0.413964
15253 0.426076
15355 0.433939
15460 0.43705
15564 0.437772
15672 0.436751
15788 0.435946
15901 0.436619
16012 0.436894
16115 0.446305
16217 0.457237
16321 0.462485
16423 0.465677
16526 0.467942
16633 0.466505
16736 0.464801
16838 0.464326
16945 0.464795
17048 0.465276
17151 0.475383
17257 0.488732
17363 0.496768
17466 0.500217
17572 0.500801
17684 0.499714
17794 0.499042
17897 0.499351
18007 0.4999
18109 0.509591
18210 0.521208
18316 0.52719
18419 0.529119
18519 0.529294
18624 0.528556
18730 0.52759
18834 0.527811
18942 0.528244
19045 0.528534
19147 0.53799
19248 0.551216
19355 0.557374
19458 0.560717
19564 0.56161
19672 0.560484
19776 0.560302
19886 0.55994
19996 0.560457
20108 0.570875
20217 0.58481
20322 0.589608
20429 0.590051
20532 0.588642
20640 0.588022
20743 0.588637
20848 0.589393
20952 0.589734
21058 0.589469
21161 0.598924
21269 0.613129
21375 0.620236
21480 0.622749
21587 0.623611
21694 0.621966
21799 0.62137
21903 0.621634
22008 0.620512
22109 0.631537
22214 0.645287
22318 0.65079
22420 0.653121
22524 0.653291
22630 0.652681
22734 0.652942
22840 0.653308
22948 0.653052
23050 0.65274
23152 0.663349
23255 0.676367
23364 0.681612
23476 0.684486
23578 0.683603
23682 0.682871
23886 0.683083
23988 0.683762
24092 0.683908
24193 0.694879
24299 0.706648
24402 0.71136
24608 0.712777
24714 0.711916
24817 0.711334
24926 0.711529
25125 0.722151
25330 0.737654
25842 0.742914
26359 0.776369
26462 0.777214
26877 0.775653
26988 0.775728
27101 0.775988
27204 0.785318
28833 0.816734
29241 0.860223
29345 0.868624
29451 0.871595
29555 0.872433
29659 0.87197
29882 0.87118
29993 0.871636
30097 0.871697
30202 0.881248
30308 0.894835
30412 0.900536
30515 0.901884
30635 0.90079
30749 0.899918
30852 0.900576
30957 0.900896
31162 0.910112
32901 0.941528
33813 0.972944
34918 1.00436
35919 1.03578
36837 1.06719
37954 1.09861
38863 1.13002
39968 1.16144
40887 1.19286
41973 1.22427
42963 1.25569
43949 1.2871
44935 1.31852
45931 1.34994
46841 1.38135
47939 1.41277
48937 1.44418
49925 1.4756
50932 1.50701
51932 1.53843
52839 1.56985
53247 1.61573
54912 1.64715
55903 1.67856
56006 1.68305
56107 1.69462
57917 1.72604
58913 1.75746
59913 1.78887
60836 1.82029
61933 1.8517
62854 1.88312
63946 1.91454
64957 1.94595
65945 1.97737
66944 2.00878
67848 2.0402
68946 2.07162
69940 2.10303
70946 2.13445
71962 2.16586
72877 2.19728
73890 2.2287
74295 2.27773
74400 2.2881
74507 2.29162
74616 2.29252
74719 2.29107
74824 2.29064
74928 2.29181
75036 2.29239
75138 2.3016
75243 2.32071
75346 2.32799
75449 2.33044
75554 2.33071
75658 2.32977
75777 2.32983
75883 2.33091
75986 2.33147
76091 2.33034
76194 2.33988
76298 2.34391
76404 2.34873
76521 2.34966
76636 2.34744
76741 2.34674
76848 2.34705
76955 2.34672
77059 2.34604
77161 2.35635
77267 2.37622
77372 2.38428
77478 2.38597
77583 2.38671
77685 2.38565
77791 2.38551
77899 2.38644
78005 2.38705
78125 2.39675
78229 2.41405
78335 2.41856
78439 2.41841
78544 2.41749
78652 2.41706
78755 2.41781
78864 2.41849
78970 2.41806
79078 2.41744
79184 2.42754
79291 2.44204
79397 2.4492
79506 2.45062
79620 2.44946
79732 2.44849
79839 2.4498
79948 2.45017
80052 2.44967
80157 2.45914
80263 2.47313
80367 2.47923
80472 2.48078
80585 2.47937
80690 2.47805
80796 2.47851
80903 2.47916
81008 2.47957
81112 2.48902
81216 2.50191
81321 2.51035
81427 2.51286
81540 2.51295
81647 2.51143
81749 2.51166
81853 2.51227
81960 2.51271
82069 2.51241
82173 2.52173
82280 2.53672
82381 2.54317
82484 2.54452
82591 2.54367
82697 2.5419
82801 2.542
82910 2.54291
83016 2.54339
83118 2.5525
83224 2.56568
83332 2.57399
83444 2.57657
83552 2.57567
83658 2.57484
83772 2.57524
83878 2.57597
83985 2.57576
84088 2.57535
84195 2.5851
84302 2.60024
84405 2.60549
84508 2.60688
84616 2.60622
84721 2.60504
84826 2.60479
84932 2.6053
85038 2.60603
85141 2.61548
85263 2.62967
85369 2.6377
85474 2.63803
85584 2.63729
85691 2.63742
85801 2.63883
85911 2.63931
86019 2.63854
86129 2.64824
86240 2.66502
86348 2.66905
86449 2.66808
86563 2.66739
86671 2.66843
86776 2.66949
86882 2.6689
86985 2.66836
87091 2.66831
87194 2.67851
87301 2.69497
87406 2.70164
87522 2.70202
87629 2.70052
87735 2.70028
87842 2.70134
87949 2.70183
88053 2.70172
88155 2.71089
88260 2.72395
88369 2.73083
88472 2.73209
88577 2.73114
88681 2.72981
88785 2.72965
88890 2.73073
88993 2.73116
89109 2.73112
89225 2.74038
89328 2.75751
89436 2.76322
89540 2.76315
89645 2.76198
89746 2.7614
89848 2.76174
89956 2.76289
90059 2.76332
90164 2.77272
90272 2.78723
90576 2.79274
90686 2.79314
90792 2.79361
90894 2.79494
91012 2.79543
91123 2.80447
92826 2.83589
93037 2.85007
93138 2.86467
93246 2.87609
93349 2.88676
93462 2.88658
93569 2.88379
93671 2.88267
93776 2.88321
93881 2.88574
93987 2.88663
94088 2.88616
94191 2.89446
94294 2.91207
94397 2.91928
94503 2.92172
94611 2.92102
94714 2.91953
94829 2.91947
94933 2.9206
95039 2.92072
95140 2.93006
95247 2.94527
95449 2.95188
95555 2.95304
95662 2.95223
95768 2.95185
95873 2.95245
95978 2.95306
96079 2.95325
96180 2.96291
96283 2.97456
96385 2.9822
96488 2.98449
96593 2.98421
96717 2.98333
96817 2.98307
96922 2.98365
97024 2.98386
97127 2.99344
97235 3.00627
97347 3.01439
97455 3.01638
97565 3.01534
97770 3.01579
97872 3.01645
97983 3.01683
98084 3.01629
98183 3.02569
98286 3.03752
98390 3.04505
98492 3.04735
98604 3.04723
98719 3.04564
98823 3.04545
98931 3.04632
99036 3.04621
99143 3.05555
100852 3.08696
101942 3.11838
102947 3.14979
103934 3.18121
104741 -0.971394
104844 -2.35399
104952 -2.81501
105059 -2.96927
105261 -2.9981
105364 -3.00993
105470 -3.01246
105582 -3.01378
105685 -3.01575
105796 -3.01729
105908 -3.01659
106016 -3.01572
106123 -3.00596
106238 -2.99324
106341 -2.98672
106445 -2.9861
106552 -2.98756
106657 -2.98781
106768 -2.98725
106874 -2.98656
106979 -2.98693
107087 -2.9873
107191 -2.97735
107298 -2.96475
107402 -2.95801
107507 -2.95596
107617 -2.95595
107719 -2.95764
107822 -2.95818
107929 -2.9577
108036 -2.95695
108142 -2.947
108257 -2.9327
108368 -2.92709
108480 -2.92745
108588 -2.92876
108696 -2.92757
108804 -2.92669
108912 -2.92683
109017 -2.92746
109124 -2.91778
109231 -2.90346
109335 -2.89691
109439 -2.8954
109547 -2.89714
109652 -2.89807
109756 -2.89787
109861 -2.89729
109970 -2.89676
110078 -2.89723
110186 -2.88778
110296 -2.87368
110401 -2.86731
110505 -2.86708
110611 -2.86814
110719 -2.869
110823 -2.86775
110936 -2.86713
111040 -2.86777
111146 -2.85826
111252 -2.84651
111357 -2.83858
111462 -2.83647
111571 -2.83718
111679 -2.8387
111789 -2.83866
111895 -2.83744
112001 -2.83761
112108 -2.82838
112229 -2.81617
112338 -2.80921
112444 -2.81026
112554 -2.81101
112669 -2.80955
112777 -2.80836
112884 -2.80909
112989 -2.80994
113097 -2.80938
113203 -2.79889
113312 -2.78693
113416 -2.77734
113519 -2.77369
113625 -2.77322
113732 -2.77467
113841 -2.7753
113949 -2.77458
114054 -2.774
114162 -2.76473
114276 -2.75081
114381 -2.74526
114485 -2.74558
114589 -2.74654
114696 -2.74697
114804 -2.74554
114915 -2.74524
115022 -2.74582
115128 -2.73619
115238 -2.72131
115345 -2.71553
115452 -2.71586
115557 -2.71708
115665 -2.71765
115771 -2.71635
115880 -2.71577
115987 -2.71635
116099 -2.71696
116206 -2.70645
116314 -2.69133
116419 -2.68506
116525 -2.68393
116633 -2.68579
116739 -2.68667
116861 -2.68585
116968 -2.68563
117075 -2.68591
117184 -2.67628
117303 -2.66136
117409 -2.65657
117517 -2.6566
117625 -2.65707
117730 -2.65612
117836 -2.65489
117945 -2.65561
118061 -2.65626
118169 -2.64606
118279 -2.63367
118384 -2.62436
118488 -2.62234
118596 -2.62396
118703 -2.62454
118815 -2.62344
118926 -2.62299
119034 -2.62396
119151 -2.6143
119262 -2.5974
119368 -2.59269
119476 -2.59382
119588 -2.59504
119694 -2.59401
119800 -2.59276
119909 -2.59282
120027 -2.59368
120134 -2.58327
120255 -2.56792
120361 -2.56148
120468 -2.56207
120576 -2.56296
120681 -2.56212
120786 -2.56088
120896 -2.56081
121006 -2.56163
121112 -2.55216
121221 -2.53727
121330 -2.53104
121435 -2.53085
121542 -2.53253
121651 -2.53213
121757 -2.5308
121870 -2.53054
121983 -2.5315
122099 -2.53156
122216 -2.52126
122324 -2.50441
122429 -2.49866
122536 -2.4989
122646 -2.50029
122749 -2.49949
122855 -2.49842
122965 -2.49845
123070 -2.49942
123178 -2.48946
123286 -2.47625
123394 -2.4689
123497 -2.46764
123603 -2.46858
123710 -2.46959
123816 -2.46863
123920 -2.46795
124026 -2.46798
124136 -2.45911
124246 -2.44538
124352 -2.43916
124458 -2.43874
124568 -2.44034
124671 -2.44001
124779 -2.43915
124888 -2.43865
124997 -2.43936
125105 -2.42997
125218 -2.41753
125335 -2.40846
125452 -2.40791
125562 -2.40806
125672 -2.40694
125778 -2.40671
125898 -2.40728
126008 -2.40735
126116 -2.39707
126225 -2.38036
126332 -2.37467
126438 -2.37585
126547 -2.37721
126653 -2.3767
126759 -2.37521
126871 -2.37549
126982 -2.37624
127089 -2.37583
127193 -2.36581
128852 -2.33439
129261 -2.29198
129372 -2.28478
129478 -2.28228
129586 -2.28296
129703 -2.28398
129812 -2.28274
129919 -2.28222
130125 -2.27336
130236 -2.26142
130340 -2.25378
130450 -2.25281
130655 -2.25383
130762 -2.25285
131075 -2.25355
131286 -2.22392
131401 -2.22051
131623 -2.22263
131726 -2.22184
131840 -2.22105
131968 -2.22189
132094 -2.22188
132205 -2.2121
132312 -2.19586
132523 -2.19241
132730 -2.1925
132942 -2.19123
133145 -2.18198
133252 -2.16657
133358 -2.16077
133468 -2.1598
133578 -2.16138
133692 -2.16103
133799 -2.15996
133906 -2.16024
134015 -2.16095
134120 -2.15094
134232 -2.13546
134437 -2.13075
134548 -2.13101
134652 -2.13052
134756 -2.12952
134865 -2.12901
134973 -2.12977
135080 -2.12988
135187 -2.1196
135292 -2.10398
135397 -2.09777
135506 -2.09613
135619 -2.0977
136029 -2.09697
136145 -2.08781
136362 -2.07369
136466 -2.07105
136575 -2.07014
136678 -2.06879
136782 -2.0679
137099 -2.06872
137205 -2.05858
137312 -2.04536
137418 -2.03692
137629 -2.03625
137733 -2.03701
138035 -2.03557
138144 -2.02586
138254 -2.01182
138365 -2.00544
138471 -2.00513
138595 -2.00652
138705 -2.00488
138815 -2.00487
138924 -2.00588
139032 -2.00544
139140 -1.99524
140882 -1.96383
141912 -1.93241
142223 -1.891
142341 -1.88298
142445 -1.88185
142552 -1.88265
142657 -1.88262
142764 -1.88136
142870 -1.88097
142977 -1.88161
143086 -1.8819
143291 -1.84919
143396 -1.84645
143502 -1.84532
143613 -1.84727
143719 -1.84886
143827 -1.84877
143936 -1.84718
144039 -1.84811
144144 -1.83879
144249 -1.82897
144355 -1.82251
144460 -1.82083
144571 -1.82095
144678 -1.82183
144784 -1.82132
144891 -1.82062
144999 -1.82077
145108 -1.8117
145218 -1.79927
145330 -1.79461
145444 -1.79703
145551 -1.79801
145661 -1.79565
145764 -1.79586
145870 -1.79616
145974 -1.7964
146084 -1.79708
146187 -1.78532
146296 -1.76754
146401 -1.76019
146503 -1.75886
146613 -1.75997
146719 -1.76059
146826 -1.75989
146934 -1.75933
147044 -1.76012
147156 -1.75038
147263 -1.73536
147367 -1.72979
147475 -1.7291
147588 -1.73035
147695 -1.73019
147800 -1.7293
147908 -1.72909
148012 -1.73009
148119 -1.72042
148224 -1.70831
148329 -1.70117
148435 -1.70038
148543 -1.7014
148662 -1.70227
148769 -1.70055
148876 -1.70051
148983 -1.70139
149089 -1.70132
149198 -1.69085
149302 -1.67523
149405 -1.66911
149508 -1.66786
149626 -1.66895
149743 -1.66977
149851 -1.66833
149969 -1.66864
150084 -1.66935
150194 -1.65879
150298 -1.64211
150402 -1.63728
150508 -1.63746
150615 -1.63877
150720 -1.63874
150827 -1.6371
150937 -1.63671
151042 -1.638
151151 -1.62836
151257 -1.61649
151365 -1.60867
151470 -1.60703
151579 -1.60863
151690 -1.60874
151811 -1.60753
151932 -1.60801
152043 -1.60818
152150 -1.59776
152257 -1.58332
152364 -1.57718
152467 -1.57718
152572 -1.57841
152675 -1.57883
152782 -1.57787
152889 -1.57681
153000 -1.57741
153105 -1.57804
153211 -1.56793
153318 -1.55373
153422 -1.54684
153530 -1.54537
153638 -1.54725
153747 -1.54803
153851 -1.54696
153962 -1.5466
154068 -1.5472
154175 -1.5379
154283 -1.52657
154387 -1.51894
154494 -1.51726
154598 -1.51924
154701 -1.51948
154806 -1.5181
154913 -1.51719
155019 -1.51778
155131 -1.50868
155234 -1.49356
155339 -1.48814
155454 -1.48763
155562 -1.48937
155665 -1.48888
155771 -1.48757
155878 -1.48773
155986 -1.48849
156103 -1.48861
156208 -1.47818
156315 -1.46395
156427 -1.45813
156534 -1.45811
156641 -1.45899
156746 -1.45876
156852 -1.45824
156961 -1.45788
157071 -1.45855
157182 -1.44891
157287 -1.43228
157391 -1.42765
157505 -1.42817
157623 -1.42922
157735 -1.42816
157851 -1.42803
157957 -1.4287
158064 -1.42831
158178 -1.41816
158294 -1.401
158401 -1.39762
158511 -1.39823
158618 -1.39755
158722 -1.39619
158827 -1.39577
158934 -1.39666
159041 -1.39693
159149 -1.38673
159256 -1.37174
159364 -1.36556
159467 -1.36398
159573 -1.36557
159678 -1.36637
159784 -1.36558
159908 -1.36449
160014 -1.36538
160120 -1.35583
160237 -1.34577
160347 -1.33804
160454 -1.3385
160561 -1.33936
160665 -1.33838
160769 -1.33717
160873 -1.33699
160995 -1.33771
161098 -1.33768
161206 -1.32722
161312 -1.3103
161417 -1.30486
161523 -1.30467
161629 -1.30596
161731 -1.30654
161836 -1.30504
161948 -1.3043
162056 -1.30531
162167 -1.2957
162284 -1.28195
162410 -1.27615
162531 -1.27719
162636 -1.27515
162742 -1.27489
162852 -1.2759
162970 -1.27597
163078 -1.27532
163186 -1.26605
163294 -1.25313
163397 -1.24626
163499 -1.24488
163604 -1.24571
163708 -1.24628
163812 -1.24587
163918 -1.24491
164025 -1.24491
164127 -1.23557
164234 -1.22522
164338 -1.21786
164443 -1.2159
164562 -1.21651
164685 -1.2167
164824 -1.21602
164959 -1.21637
165085 -1.21646
165210 -1.20661
165334 -1.18945
165461 -1.18788
165580 -1.18521
165696 -1.18508
165797 -1.1861
165907 -1.18571
166016 -1.18482
166126 -1.17522
166235 -1.16267
166342 -1.15573
166449 -1.15486
166558 -1.1561
166660 -1.15568
166774 -1.1546
166881 -1.15495
166986 -1.15561
167095 -1.1552
167204 -1.14527
167310 -1.12999
167417 -1.12355
167523 -1.12269
167627 -1.12433
167729 -1.12484
167832 -1.12414
167940 -1.12337
168044 -1.12356
168148 -1.11426
168252 -1.10196
168358 -1.09573
168464 -1.09451
168569 -1.09598
168671 -1.09665
168777 -1.09607
168890 -1.09526
168994 -1.09554
169098 -1.09609
169202 -1.0862
169309 -1.07093
169418 -1.06322
169524 -1.06185
169630 -1.06347
169733 -1.06323
169834 -1.06315
169942 -1.06248
170048 -1.06266
170154 -1.05352
170261 -1.03917
170364 -1.03319
170468 -1.03273
170573 -1.03429
170678 -1.03379
170782 -1.03323
170900 -1.03297
171013 -1.03381
171129 -1.0237
171243 -1.00755
171352 -1.00422
171461 -1.00362
171572 -1.00427
171679 -1.00312
171785 -1.00314
171892 -1.00393
172004 -1.00387
172112 -0.993482
172223 -0.978886
172329 -0.9729
172432 -0.973048
172541 -0.974042
172645 -0.973035
172750 -0.972718
172856 -0.972543
172970 -0.973297
173079 -0.973737
173185 -0.962368
173292 -0.947648
173398 -0.941695
173504 -0.941459
173608 -0.942722
173716 -0.943129
173821 -0.942012
173929 -0.941356
174035 -0.941968
174138 -0.9327
174255 -0.920341
174362 -0.91339
174468 -0.912402
174579 -0.913915
174682 -0.913078
174786 -0.911299
174896 -0.91131
175004 -0.912099
175110 -0.902717
175221 -0.887548
175339 -0.880815
175448 -0.881558
175557 -0.882223
175662 -0.881297
175764 -0.880192
175871 -0.881419
175988 -0.88217
176104 -0.881798
176211 -0.871861
176318 -0.858825
176423 -0.852464
176529 -0.85183
176638 -0.852976
176742 -0.853634
176848 -0.852341
176964 -0.852027
177073 -0.85299
177182 -0.84213
177301 -0.825718
177408 -0.821227
177514 -0.823138
177621 -0.822098
177727 -0.821363
177834 -0.820127
177952 -0.821637
178069 -0.822086
178176 -0.811995
178282 -0.797277
178387 -0.789536
178491 -0.787876
178599 -0.789346
178703 -0.789864
178808 -0.788811
178914 -0.789385
179019 -0.789335
179124 -0.779734
179234 -0.765611
179351 -0.759558
179457 -0.760028
179562 -0.760752
179669 -0.75955
179775 -0.75885
179883 -0.759021
179988 -0.759774
180098 -0.759562
180204 -0.749362
180310 -0.733762
180422 -0.727345
180530 -0.727367
180637 -0.730021
180744 -0.72942
180853 -0.727065
180962 -0.726552
181066 -0.727624
181176 -0.719003
181287 -0.706128
181395 -0.700062
181503 -0.699863
181612 -0.700438
181722 -0.700777
181828 -0.699305
181935 -0.699204
182042 -0.699725
182154 -0.689671
182264 -0.673045
182372 -0.667576
182479 -0.668283
182583 -0.668936
182693 -0.668115
182800 -0.667338
182923 -0.667625
183046 -0.668886
183152 -0.659586
183275 -0.641776
183383 -0.637656
183488 -0.638653
183611 -0.638896
183768 -0.637533
183920 -0.635865
184048 -0.635726
184187 -0.625521
184345 -0.611143
184474 -0.606315
184608 -0.608864
184741 -0.60651
184870 -0.608638
185016 -0.606756
185138 -0.598503
185263 -0.582744
185380 -0.582148
185491 -0.580566
185604 -0.57883
185724 -0.579663
185839 -0.579827
185948 -0.57938
186058 -0.579613
186164 -0.570114
186271 -0.557524
186378 -0.549811
186483 -0.548886
186592 -0.548286
186700 -0.548338
186807 -0.548564
186917 -0.548665
187021 -0.54957
187126 -0.539825
187230 -0.524658
187336 -0.519009
187444 -0.516797
187551 -0.518152
187669 -0.519206
187773 -0.517871
187880 -0.517558
187985 -0.518055
188090 -0.518503
188202 -0.508649
188317 -0.493508
188421 -0.488505
188526 -0.488474
188635 -0.489473
188740 -0.488869
188847 -0.487967
188954 -0.48793
189058 -0.488541
189164 -0.478749
189267 -0.465759
189369 -0.458817
189475 -0.457216
189587 -0.458537
189699 -0.459354
189805 -0.458008
189909 -0.457886
190015 -0.458372
190119 -0.448924
190229 -0.435169
190334 -0.428922
190437 -0.428674
190547 -0.429583
190651 -0.429496
190761 -0.428267
190867 -0.428481
190973 -0.429053
191077 -0.428998
191184 -0.418944
191294 -0.40448
191401 -0.397248
191508 -0.396182
191615 -0.39777
191733 -0.397886
191840 -0.396432
191944 -0.396639
192052 -0.397282
192157 -0.3874
192263 -0.373706
192370 -0.367756
192478 -0.366124
192586 -0.367404
192695 -0.368039
192800 -0.367079
192905 -0.366535
193012 -0.367083
193116 -0.357476
193228 -0.342962
193334 -0.336809
193440 -0.336451
193549 -0.337826
193652 -0.337193
193762 -0.336258
193877 -0.334749
193990 -0.336459
194097 -0.336397
194204 -0.326564
194307 -0.312787
194416 -0.305507
194523 -0.304835
194628 -0.304807
194737 -0.305762
194843 -0.304859
194962 -0.30471
195078 -0.30553
195183 -0.295413
195290 -0.281548
195393 -0.27416
195499 -0.272288
195606 -0.273466
195712 -0.274606
195820 -0.273808
195931 -0.273331
196044 -0.273627
196149 -0.264169
196257 -0.250037
196360 -0.243688
196466 -0.24241
196571 -0.243469
196685 -0.244089
196797 -0.243006
196909 -0.243081
197020 -0.243574
197123 -0.233823
197227 -0.219654
197329 -0.213266
197436 -0.211643
197541 -0.212327
197645 -0.213431
197754 -0.213138
197864 -0.21226
197971 -0.212688
198075 -0.213069
198184 -0.20332
198287 -0.189051
198402 -0.182127
198507 -0.181645
198612 -0.183351
198730 -0.182437
198856 -0.181618
198975 -0.182307
199094 -0.181806
199225 -0.17211
199350 -0.154802
199453 -0.154072
199556 -0.153488
199657 -0.15173
199758 -0.150575
199865 -0.150338
199969 -0.151306
200071 -0.151804
200178 -0.141646
200284 -0.122664
200392 -0.115286
200500 -0.116044
200614 -0.119053
200719 -0.118537
200823 -0.1172
200935 -0.117124
201043 -0.118321
