0
0.00229384
0.00192775
0.000553495
0.00477078
0.00389782
0.00887546
0.00257614
-0.00303608
0.00016114
0.00345255
0.00592378
0.00057024
-0.0023764
0.000502775
0.00568602
0.0034998
-0.00110638
-0.00093107
0.00802197
0.00433421
0.00114161
0.00508421
0.00272186
0.00256366
-0.00138387
0.00771983
0.000735196
0.00484411
0.000937059
0.00126518
0.00323112
0.00226529
0.0074267
0.00368254
0.00439301
0.00461918
0.00442269
0.00149104
0.00222066
0.000478082
-0.00102701
0.00799139
0.0034352
0.00459729
0.00395554
0.00284906
-0.000818818
0.00563503
-0.00125346
0.000571751
0.00664213
0.00543506
0.004884
0.00589176
0.00429315
0.00249075
0.000704579
0.00111086
0.00769711
0.00386197
0.00264357
-0.000520196
0.00638476
0.00543737
0.00144815
0.000722938
0.00444893
0.00412699
0.00699156
-0.000823877
0.00207509
0.00113748
0.00596039
0.00506901
0.00313257
-0.002805
0.00795853
0.0075183
-0.000639793
-0.00591512
-0.0031473
0.00338525
0.00584803
0.00111087
0.00359076
0.00855408
0.00456425
0.00173751
0.00189662
0.00374235
0.00237408
0.00088592
0.0024593
0.000451817
0.00442722
0.00192772
0.00143464
0.00500771
-0.00089471
0.00661799
0.00746068
0.00288711
-0.0021082
0.000430921
0.005642
0.00522476
0.000429591
-0.00140158
0.00194253
0.00622191
0.0055511
-0.00121094
0.000973464
0.00449768
0.00505513
0.0024754
0.00178167
0.00193118
0.00523704
0.00598003
0.00393572
-0.00498586
0.00278906
0.00270846
0.00299207
-0.000192196
0.00661374
0.00083878
0.00278976
0.000433957
0.00117552
0.00294752
0.00302191
0.00628593
0.00035392
-0.000415885
0.00286112
0.00278035
-0.000921642
3.86905e-05
0.00392751
-0.00364663
-0.000541299
0.0043607
0.00590952
0.00440849
0.00348177
0.00324638
0.00160848
0.00077053
-0.000764488
0.00392049
0.0033841
0.00609976
-0.000334138
0.00420392
0.002823
0.00281662
0.005258
0.00500369
0.00452772
0.0039804
0.00150245
0.0046172
0.000754662
0.000197424
0.00430399
0.00696706
0.00519334
0.00181542
0.00147212
-0.000150276
0.00417238
0.00541098
0.00238754
0.00294353
0.00322771
0.00310461
0.00349227
-0.000410045
0.00168673
0.000342357
0.00456362
-2.23534e-05
-0.00385021
0.00202473
0.00269346
0.00258399
0.00749975
0.000685287
-0.00323908
0.00406876
0.00231062
0.00373257
-0.00128754
-0.00360674
0.00349543
0.00815003
0.00722716
-0.00154136
0.00319549
0.000888246
0.00198041
0.000386228
-0.000587999
0.00460899
0.00704553
0.00271803
0.00332822
0.000352728
0.000828214
0.00426573
0.000567328
0.00631705
-0.00159197
0.00102638
0.00417655
0.00842596
0.00295232
-0.000749016
0.00254365
0.00483179
0.00237555
0.00178895
-0.00459436
0.00249413
0.00814869
0.00304871
0.00378222
-0.00109715
0.00433877
0.00382926
0.00116965
0.00324722
0.00150188
0.00180597
0.000940933
-0.000312492
0.00263804
0.000825431
-0.000837508
-0.00206471
0.00737267
0.0039802
0.00294972
0.000144
0.00126027
0.00432777
0.00217995
0.00641192
0.00297729
0.00086492
0.00120501
0.00235855
0.00289428
0.00169808
0.00311763
0.00286877
0.00282805
0.000995132
0.0066674
0.00425021
0.000922518
0.00119365
0.000462878
-0.000123616
0.00468106
0.00392083
-0.00114423
0.00339798
0.00093813
0.00489315
0.00505688
0.00343616
0.00235433
0.00317982
0.00435904
0.00473
0.00380096
5.41281e-05
0.0025981
0.00862535
0.00505596
0.00086932
-0.000386301
-0.000173225
0.00233838
-0.000215894
-0.00194781
0.00427259
0.00491597
0.00469989
0.00163585
-0.0021742
0.00505867
0.00117766
0.00453881
-0.000817371
-0.000540295
0.000634597
0.00290398
0.00127323
-0.00232768
0.00450792
0.00356319
0.00586615
0.00299813
0.000690122
0.00482734
0.0026976
0.00294847
0.00130896
0.00385069
0.00410746
-0.000735401
0.00577832
0.00205129
0.00573733
0.00352094
0.00483592
-0.000362773
0.00148436
0.00550545
0.00200887
0.00413059
0.0016986
-0.00150298
0.00128505
-0.0038522
0.00485519
0.00344553
0.00477138
0.00557345
0.000351333
-0.00161652
0.00700813
0.00362846
0.00414286
-0.00109128
-0.00138509
0.0059709
0.00729904
0.00376905
0.000471264
-0.000714039
0.000993007
0.00231062
0.00583358
0.00686863
0.00276878
0.00680541
0.00847783
0.00107938
0.000612485
0.00168864
0.00131932
0.000618216
-0.00168785
-0.000560671
0.00482746
0.00187878
0.00361348
0.00189098
0.00182238
0.00370681
-0.000715968
0.000246662
-0.00270803
-0.00146993
0.00348052
0.00378802
0.00542661
0.00191318
-0.00223146
0.00229762
-0.000549639
-0.00158983
0.00522087
0.00211996
0.00733114
0.00235551
-0.00510975
-0.000764316
0.00322416
0.000493597
0.000674298
-0.00249761
0.00208869
0.00117745
0.000589206
-0.0011848
0.00287854
0.002014
0.00402331
0.00332045
0.00569503
0.00230675
0.00074341
0.00130833
0.00184153
0.00569779
0.00480826
0.0033283
0.00284343
0.00241873
3.97484e-05
0.00624095
-0.000776101
-0.00233102
0.00339074
0.00666611
0.00314156
-0.00228866
0.00175439
