2 0
50 -0.000256496
101 0.000234623
149 6.55162e-05
197 -3.78163e-05
246 2.01326e-05
296 0.000111313
345 -1.18682e-05
395 9.4866e-05
443 0.000304287
493 -0.000177997
542 -9.89316e-05
590 -0.000167769
639 -6.6002e-05
689 -0.000393911
740 -0.0001358
792 6.71539e-05
843 -0.000292915
893 3.52867e-05
942 7.55387e-05
990 0.000146036
1045 0.000231388
1099 -0.000249154
1150 -9.10441e-05
1200 0.0253121
1249 0.0196605
1299 0.0245819
1348 0.0197737
1400 0.0262187
1449 0.020408
1499 0.0252447
1548 0.0209141
1600 0.0233886
1654 0.0238843
1706 0.0209898
1758 0.0242057
1810 0.0215755
1861 0.0227347
1913 0.0229163
1965 0.0215491
2018 0.0234877
2072 0.0218001
2124 0.0225942
2173 0.0498416
2224 0.0476571
2273 0.0491669
2325 0.0459274
2377 0.050716
2428 0.0472829
2477 0.0482835
2528 0.0475334
2578 0.0473102
2629 0.0485364
2678 0.0475214
2730 0.0479236
2780 0.0471423
2831 0.0477972
2881 0.0486503
2932 0.0477162
2982 0.0476728
3033 0.0479536
3085 0.047971
3134 0.0486303
3183 0.0753761
3235 0.0731126
3288 0.0773943
3337 0.0710866
3387 0.0777154
3439 0.0718485
3490 0.0763543
3540 0.0747667
3588 0.0761785
3638 0.0770831
3688 0.0735306
3743 0.0771351
3793 0.0760393
3842 0.0750697
3895 0.0770001
3944 0.0742637
3994 0.0771304
4046 0.075946
4099 0.075486
4149 0.0765162
4199 0.104594
4249 0.0986222
4300 0.105339
4350 0.0987456
4401 0.10477
4450 0.10001
4499 0.103448
4551 0.103071
4602 0.10079
4651 0.103798
4700 0.0999032
4750 0.103875
4801 0.101719
4850 0.102665
4898 0.102834
4948 0.101169
4997 0.103194
5047 0.101352
5097 0.103276
5148 0.123325
5198 0.127365
5249 0.131811
5299 0.126628
5349 0.130929
5400 0.126963
5450 0.130592
5499 0.128558
5549 0.127758
5601 0.130218
5651 0.127129
5700 0.130979
5752 0.127706
5806 0.127882
5855 0.128955
5905 0.127853
5954 0.128433
6003 0.12677
6053 0.129564
6105 0.128521
6155 0.15558
6203 0.154652
6252 0.159599
6301 0.155282
6351 0.160293
6403 0.155338
6452 0.158013
6500 0.155712
6549 0.154927
6600 0.159391
6649 0.154172
6700 0.157905
6751 0.154612
6801 0.155781
6850 0.156973
6899 0.154798
6947 0.157411
6997 0.156778
7047 0.156427
7098 0.15639
7147 0.155437
7198 0.183622
7248 0.184361
7297 0.18668
7344 0.184201
7396 0.186914
7445 0.182936
7494 0.187337
7544 0.183682
7594 0.185854
7643 0.18424
7693 0.184644
7744 0.185425
7793 0.183868
7846 0.185823
7896 0.184389
7945 0.184846
7995 0.18472
8047 0.184178
8097 0.185175
8146 0.184434
8195 0.215758
8248 0.213253
8306 0.217429
8358 0.210813
8412 0.215724
8463 0.21283
8517 0.211817
8568 0.215468
8622 0.211765
8674 0.214525
8726 0.214049
8775 0.212625
8824 0.214827
8874 0.212322
8924 0.214603
8974 0.213377
9024 0.213894
9076 0.214137
9127 0.21319
9176 0.238592
9225 0.242098
9274 0.243502
9324 0.238899
9376 0.246357
9428 0.238824
9477 0.243768
9527 0.240645
9576 0.242218
9626 0.242545
9677 0.241987
9729 0.243174
9780 0.240697
9830 0.242244
9881 0.242284
9930 0.242577
9981 0.242934
10031 0.240906
10083 0.24265
10133 0.241685
10183 0.272526
10232 0.270054
10282 0.274942
10330 0.268398
10381 0.275229
10432 0.270024
10482 0.271928
10531 0.272737
10581 0.271116
10633 0.27387
10685 0.270483
10737 0.27333
10786 0.272455
10835 0.271824
10886 0.271774
10934 0.271169
10983 0.273001
11034 0.271573
11085 0.272075
11137 0.271518
11187 0.304424
11236 0.296865
11285 0.303974
11336 0.297147
11388 0.304703
11438 0.300159
11487 0.302063
11537 0.302288
11586 0.299912
11637 0.302607
11689 0.300099
11741 0.301817
11790 0.301192
11838 0.301585
11888 0.302663
11937 0.300776
11987 0.302515
12039 0.301466
12091 0.301679
12143 0.301914
12192 0.32808
12242 0.330498
12292 0.331113
12343 0.3266
12396 0.332326
12446 0.328684
12496 0.331274
12545 0.330534
12594 0.329663
12644 0.330454
12698 0.328879
12751 0.331772
12801 0.33009
12850 0.330724
12900 0.330933
12949 0.329947
13001 0.331403
13053 0.329792
13104 0.329245
13153 0.361711
13204 0.357527
13254 0.363149
13307 0.357209
13360 0.362156
13412 0.359724
13463 0.358757
13513 0.361602
13563 0.358152
13612 0.361007
13661 0.358992
13713 0.359958
13765 0.360419
13815 0.358914
13866 0.361067
13917 0.358943
13968 0.360268
14018 0.359624
14070 0.359455
14120 0.360645
14170 0.388795
14220 0.387977
14270 0.391732
14322 0.386214
14375 0.391079
14426 0.387785
14476 0.388281
14528 0.390496
14578 0.3875
14627 0.390418
14679 0.388727
14736 0.389549
14786 0.39012
14836 0.388362
14889 0.38962
14941 0.388989
14994 0.389148
15048 0.38998
15102 0.388656
15153 0.389483
15204 0.416824
15255 0.416916
15306 0.422074
15356 0.416009
15409 0.421818
15463 0.41749
15513 0.417719
15562 0.4206
15611 0.417226
15662 0.417067
15716 0.418235
15768 0.419688
15818 0.419895
15868 0.418294
15918 0.419955
15969 0.418649
16019 0.419201
16071 0.418487
16122 0.418527
16176 0.446635
16229 0.448133
16279 0.452407
16328 0.447074
16379 0.451355
16432 0.448048
16484 0.450101
16534 0.450984
16584 0.448584
16634 0.450812
16684 0.448877
16739 0.450044
16789 0.449697
16838 0.449846
16888 0.450312
16938 0.448598
16990 0.451009
17041 0.449273
17093 0.449964
17143 0.450177
17193 0.479039
17243 0.480237
17293 0.482688
17343 0.477012
17397 0.48309
17449 0.477882
17499 0.481205
17550 0.47607
17600 0.478239
17650 0.481971
17703 0.479398
17758 0.476786
17807 0.479612
17857 0.479957
17907 0.481013
17957 0.47887
18010 0.480834
18064 0.47976
18114 0.479966
18165 0.509668
18215 0.510099
18267 0.51242
18322 0.50806
18378 0.51136
18430 0.511132
18482 0.508438
18532 0.512102
18582 0.508762
18632 0.510786
18685 0.5103
18737 0.509253
18789 0.511154
18839 0.509319
18889 0.510217
18939 0.510423
18989 0.50961
19043 0.510891
19094 0.510624
19146 0.509989
19197 0.536774
19248 0.541617
19298 0.54224
19349 0.539178
19401 0.543172
19453 0.539523
19504 0.54166
19555 0.541544
19606 0.540016
19656 0.542465
19708 0.539873
19761 0.541678
19812 0.542636
19863 0.540362
19914 0.542025
19966 0.540428
20017 0.541433
20069 0.54154
20119 0.540677
20170 0.568056
20220 0.571453
20271 0.572965
20324 0.56945
20380 0.573873
20432 0.570234
20485 0.571086
20536 0.572705
20587 0.57006
20638 0.573003
20689 0.570006
20741 0.572181
20793 0.572122
20847 0.57004
20898 0.572395
20949 0.571655
20999 0.571351
21053 0.57226
21104 0.571104
21154 0.603634
21206 0.601299
21261 0.605962
21312 0.600744
21367 0.606062
21422 0.603894
21476 0.601488
21528 0.604452
21579 0.601682
21632 0.602421
21685 0.604075
21740 0.602121
21794 0.603251
21848 0.602939
21898 0.60201
21949 0.603857
21999 0.602112
22051 0.602973
22103 0.6031
22155 0.633976
22205 0.631982
22256 0.636367
22306 0.631303
22357 0.635184
22461 0.632866
22511 0.635501
22562 0.632336
22613 0.635062
22662 0.632906
22716 0.633738
22767 0.634659
22819 0.632789
22870 0.634509
22921 0.633446
22971 0.633166
23068 0.632874
23119 0.634104
23170 0.661043
23221 0.662592
23271 0.665143
23321 0.661077
23428 0.661814
23482 0.663158
23534 0.66453
23584 0.661876
23634 0.664469
23686 0.662757
23739 0.663015
23790 0.663709
23841 0.662333
23893 0.664181
23946 0.663409
23996 0.662712
24050 0.664034
24102 0.662602
24153 0.691391
24249 0.696234
24344 0.696507
24443 0.69658
24496 0.693123
24548 0.695359
24599 0.695414
24649 0.693474
24703 0.695754
24754 0.69326
24804 0.69529
24856 0.694896
24907 0.693899
24959 0.695451
25059 0.694006
25111 0.693853
25162 0.726104
25212 0.723439
25263 0.727981
25312 0.723349
25413 0.723979
25464 0.724978
25561 0.724223
25656 0.724378
25757 0.724569
25808 0.725268
25858 0.726293
25911 0.724715
25962 0.725987
26012 0.725003
26065 0.725545
26116 0.72587
26168 0.75544
26219 0.754611
26369 0.758168
26421 0.754405
26477 0.7552
26528 0.757412
26581 0.756932
26635 0.75592
26686 0.755737
26740 0.756391
26837 0.754964
26890 0.756014
26943 0.75571
26995 0.756299
27096 0.755259
27148 0.756571
27244 0.785825
27295 0.786564
27347 0.783508
27401 0.787109
27682 0.784921
27735 0.785758
27785 0.78468
27840 0.786467
27989 0.785048
28092 0.785806
28146 0.785494
28201 0.820075
28350 0.815143
28409 0.819089
28464 0.817652
28609 0.816202
28662 0.818859
28716 0.818507
28768 0.816785
28863 0.81662
29008 0.81792
29062 0.817417
29113 0.817224
29215 0.847564
29267 0.851045
29319 0.846557
29372 0.850604
29422 0.848428
29523 0.850078
29576 0.847756
29674 0.84758
29727 0.849454
29826 0.848297
29878 0.850082
30022 0.848831
30073 0.848802
30169 0.877666
30221 0.878644
30272 0.881535
30323 0.877155
30375 0.881657
30474 0.880152
30525 0.879733
30577 0.878417
30628 0.880985
30680 0.878684
30735 0.879653
30788 0.880279
30840 0.878573
30891 0.880084
30945 0.879273
31044 0.879969
31099 0.878858
31151 0.879479
31203 0.908655
31255 0.906868
31309 0.91239
31365 0.906916
31417 0.909922
31472 0.910092
31523 0.907718
31574 0.910568
31625 0.908124
31676 0.909439
31729 0.910424
31780 0.908524
31833 0.909904
31931 0.909387
32033 0.908577
32084 0.909706
32135 0.909585
33854 0
34864 0
35866 0
36855 0
37811 0
38849 0
39864 0
40838 0
41834 0
42843 0
43855 0
44871 0
45835 0
46848 0
47864 0
48832 0
49841 0
50842 0
51850 0
52853 0
53865 0
54847 0
55857 0
56859 0
57860 0
58870 0
59830 0
60832 0
61854 0
62858 0
63872 0
64844 0
65856 0
66869 0
67849 0
68866 0
69881 0
70852 0
71863 0
72837 0
73862 0
74816 0
75846 0
76227 2.31734
76279 2.31759
76379 2.31806
76430 2.31697
76482 2.31741
76534 2.31685
76585 2.31522
76636 2.31744
76691 2.31655
76791 2.31701
76890 2.31737
76989 2.31902
77044 2.31635
77095 2.31674
77192 2.35024
77244 2.35372
77293 2.35827
77348 2.35047
77400 2.35404
77451 2.35306
77501 2.35351
77554 2.35367
77605 2.35233
77659 2.35407
77712 2.3521
77764 2.35514
77816 2.35464
77868 2.35369
77920 2.35402
77975 2.35318
78026 2.35211
78078 2.35807
78130 2.35283
78183 2.37821
78234 2.377
78287 2.38122
78341 2.37662
78393 2.37912
78444 2.37682
78503 2.37644
78558 2.37939
78617 2.37701
78671 2.3768
78724 2.3787
78780 2.37705
78831 2.37661
78882 2.37851
78933 2.37719
78985 2.3774
79040 2.37767
79093 2.37649
79146 2.37839
79196 2.4157
79251 2.41176
79302 2.41738
79356 2.41289
79408 2.41528
79461 2.41458
79513 2.41248
79563 2.41534
79617 2.41344
79670 2.41512
79722 2.41477
79775 2.41324
79827 2.41446
79878 2.41422
79930 2.41392
79982 2.41211
80036 2.41356
80088 2.41436
80141 2.41225
80194 2.44287
80245 2.4446
80297 2.44843
80355 2.44413
80408 2.44676
80461 2.44624
80515 2.44504
80568 2.44757
80620 2.44578
80675 2.44617
80730 2.44679
80785 2.44546
80839 2.44641
80895 2.44628
80950 2.44549
81007 2.44667
81060 2.44623
81111 2.44584
81164 2.47868
81215 2.47636
81266 2.4796
81317 2.47564
81371 2.47943
81422 2.47776
81472 2.47707
81523 2.47867
81574 2.47631
81630 2.47848
81684 2.47784
81735 2.47682
81786 2.47851
81842 2.47732
81894 2.47734
81947 2.47818
82000 2.47712
82051 2.47792
82106 2.47787
82158 2.51119
82212 2.50838
82264 2.51253
82315 2.50873
82367 2.51083
82418 2.51172
82471 2.50886
82522 2.51218
82574 2.50969
82626 2.51061
82680 2.51126
82732 2.50963
82784 2.51092
82836 2.51089
82890 2.50994
82942 2.51108
82995 2.51043
83048 2.51037
83099 2.51065
83150 2.51017
83202 2.54358
83255 2.54114
83305 2.54527
83359 2.54081
83411 2.54331
83464 2.54295
83514 2.54169
83566 2.54391
83617 2.5415
83670 2.54302
83722 2.54303
83776 2.54188
83831 2.54368
83882 2.54215
83936 2.54296
83989 2.5434
84042 2.54201
84094 2.54286
84146 2.54296
84199 2.57542
84250 2.5718
84300 2.57661
84353 2.57304
84403 2.57528
84456 2.57454
84507 2.57387
84559 2.57583
84611 2.57342
84664 2.57475
84717 2.57459
84768 2.57392
84821 2.57531
84874 2.57419
84928 2.57457
84981 2.57508
85033 2.57423
85085 2.57497
85135 2.57463
85187 2.6071
85240 2.60669
85292 2.60979
85346 2.60609
85398 2.60881
85452 2.60748
85505 2.60631
85557 2.60898
85608 2.60692
85662 2.60764
85716 2.60824
85767 2.60707
85818 2.60871
85869 2.60745
85921 2.6073
85975 2.6082
86029 2.60709
86080 2.60777
86132 2.60763
86185 2.63841
86238 2.6385
86288 2.64134
86342 2.63742
86395 2.64039
86449 2.63929
86501 2.63804
86554 2.64037
86605 2.63902
86657 2.6396
86709 2.64016
86759 2.63844
86810 2.64011
86863 2.63902
86917 2.63926
86969 2.63985
87024 2.63896
87076 2.63941
87129 2.63971
87181 2.66913
87235 2.66915
87287 2.67392
87341 2.66924
87393 2.67143
87447 2.6716
87502 2.66989
87556 2.67255
87609 2.67109
87662 2.67077
87717 2.67193
87768 2.67032
87818 2.67165
87870 2.67103
87921 2.67071
87973 2.67151
88027 2.67092
88081 2.67127
88132 2.6714
88183 2.70335
88236 2.70129
88287 2.70445
88341 2.70038
88394 2.70358
88447 2.70301
88500 2.70218
88549 2.70393
88600 2.70151
88653 2.70317
88706 2.70278
88756 2.70206
88811 2.70381
88867 2.70201
88919 2.70227
88972 2.70334
89028 2.70226
89081 2.70315
89132 2.70296
89183 2.73476
89234 2.7343
89285 2.73726
89338 2.73331
89390 2.73658
89444 2.73531
89495 2.73511
89546 2.73634
89597 2.73403
89649 2.73597
89700 2.73532
89753 2.73512
89804 2.73632
89855 2.73444
89905 2.73564
89957 2.73561
90011 2.73512
90065 2.73586
90116 2.73517
91850 0
92868 0
93857 0
94838 0
95851 0
96857 0
97184 2.97356
97234 2.99243
97286 2.99057
97343 2.99035
97396 2.9928
97447 2.98925
97496 2.99191
97547 2.99071
97596 2.99062
97694 2.98976
97745 2.99173
97796 2.99018
97848 2.99086
97896 2.99115
97948 2.99036
98005 2.99146
98061 2.99062
98116 2.99047
98170 3.02366
98224 3.01996
98275 3.02438
98329 3.02231
98381 3.0216
98433 3.02375
98483 3.02088
98534 3.02346
98586 3.0226
98639 3.02179
98694 3.02321
98746 3.02182
98799 3.02254
98850 3.02271
98905 3.02165
98955 3.02285
99006 3.02234
99059 3.02225
99109 3.02292
99161 3.05479
99213 3.05287
99263 3.05628
99316 3.05267
99369 3.05565
99421 3.05424
99473 3.05356
99524 3.05525
99575 3.05319
99625 3.05453
99677 3.05429
99726 3.05371
99776 3.05484
99829 3.05351
99882 3.05478
99932 3.05393
99985 3.0541
100035 3.0547
100085 3.05383
100134 3.05432
100184 3.08341
100237 3.08463
100290 3.08677
100348 3.08333
100402 3.08649
100457 3.08515
100507 3.08426
100559 3.08644
100610 3.08425
100665 3.08531
100717 3.08521
100767 3.08435
100817 3.08588
100867 3.08476
100918 3.08517
100968 3.08501
101065 3.0855
101115 3.08472
101165 3.11102
101216 3.12136
101265 3.12059
101317 3.11765
101369 3.1215
101419 3.11774
101474 3.12067
101526 3.11999
101576 3.11842
101625 3.12059
101723 3.12051
101819 3.11949
101872 3.1195
101923 3.11885
101973 3.12006
102027 3.1191
102079 3.11927
102130 3.11971
102182 -3.13601
102233 -3.13358
102332 -3.13386
102383 -3.13071
102436 -3.13299
102487 -3.13275
102537 -3.13129
102586 -3.13356
102637 -3.13112
102689 -3.13292
102738 -3.13245
102788 -3.13205
102838 -3.13299
102888 -3.13168
102939 -3.13319
102992 -3.13238
103045 -3.13208
103094 -3.13327
103144 -3.13211
103196 -3.10846
103246 -3.09922
103298 -3.10022
103350 -3.1023
103400 -3.09869
103452 -3.10189
103503 -3.09988
103557 -3.10054
103607 -3.10141
103659 -3.09943
103711 -3.1012
103763 -3.10019
103814 -3.10046
103863 -3.1008
103917 -3.09979
103971 -3.10114
104024 -3.10061
104075 -3.10009
104169 -3.07569
104263 -3.06927
104317 -3.06807
104415 -3.06961
104511 -3.06922
104609 -3.06868
104842 -3.06864
104893 -3.06758
104943 -3.0686
105863 0
106871 0
107858 0
108863 0
109822 0
110825 0
111188 -2.84181
111513 -2.84307
111703 -2.84338
111935 -2.84345
112171 -2.82243
112220 -2.81161
112270 -2.81359
112321 -2.8136
112372 -2.81238
112425 -2.81466
112474 -2.81172
112524 -2.81406
112575 -2.81272
112625 -2.81307
112679 -2.81379
112729 -2.81229
112779 -2.81366
112829 -2.8129
112880 -2.81317
112931 -2.81366
112981 -2.81275
113033 -2.8135
113083 -2.81292
113135 -2.81322
113185 -2.78151
113235 -2.77981
113285 -2.77845
113336 -2.78181
113386 -2.77803
113441 -2.78149
113493 -2.77912
113547 -2.77918
113598 -2.78116
113652 -2.77873
113707 -2.78017
113758 -2.77999
113812 -2.77908
113864 -2.78044
113918 -2.77933
113975 -2.77951
114031 -2.78017
114083 -2.77931
114133 -2.77998
114185 -2.75499
114235 -2.74806
114285 -2.74653
114339 -2.74963
114389 -2.74623
114442 -2.74894
114492 -2.74825
114542 -2.74699
114591 -2.74876
114644 -2.74696
114695 -2.74838
114747 -2.74781
114797 -2.74724
114847 -2.74842
114896 -2.74744
114947 -2.74837
114999 -2.7477
115050 -2.74763
115099 -2.74813
115149 -2.74759
115201 -2.72072
115252 -2.7177
115303 -2.71509
115354 -2.71855
115404 -2.71522
115456 -2.71759
115507 -2.71672
115557 -2.71628
115607 -2.7176
115660 -2.71597
115713 -2.71739
115763 -2.71675
115813 -2.71657
115862 -2.71733
115912 -2.71638
115963 -2.71712
116016 -2.71661
116068 -2.7168
116120 -2.71728
116171 -2.68836
116222 -2.6846
116274 -2.68407
116327 -2.68631
116378 -2.68347
116430 -2.68562
116483 -2.68401
116534 -2.68389
116583 -2.68572
116635 -2.68385
116686 -2.6853
116740 -2.68437
116790 -2.68444
116840 -2.6851
116891 -2.68399
116942 -2.68487
116993 -2.68478
117044 -2.68435
117095 -2.68491
117149 -2.68415
117200 -2.65169
117251 -2.6539
117302 -2.65095
117359 -2.65435
117414 -2.6525
117474 -2.6526
117530 -2.65336
117584 -2.65189
117638 -2.65235
117704 -2.65318
117758 -2.65266
117813 -2.65226
117866 -2.65334
117921 -2.65252
117977 -2.65276
118031 -2.65307
118085 -2.65269
118141 -2.6527
118192 -2.61902
118243 -2.62111
118294 -2.61856
118346 -2.62163
118399 -2.61896
118453 -2.61952
118506 -2.62116
118557 -2.61908
118607 -2.62041
118660 -2.61998
118712 -2.61945
118766 -2.62065
118816 -2.61948
118868 -2.62004
118919 -2.62025
118972 -2.61965
119028 -2.62036
119081 -2.61981
119132 -2.61978
119184 -2.58753
119234 -2.58919
119284 -2.58677
119337 -2.59019
119388 -2.58705
119439 -2.58898
119492 -2.58788
119544 -2.5875
119594 -2.58925
119647 -2.58754
119698 -2.58875
119748 -2.58867
119800 -2.58796
119853 -2.58907
119903 -2.58792
119957 -2.58818
120012 -2.58869
120065 -2.58807
120118 -2.58847
120175 -2.55622
120232 -2.55861
120289 -2.55512
120345 -2.55707
120399 -2.55748
120453 -2.55508
120506 -2.55719
120558 -2.5565
120609 -2.55592
120662 -2.55737
120712 -2.55539
120762 -2.55684
120813 -2.55614
120863 -2.55624
120914 -2.55682
120965 -2.55587
121019 -2.55666
121069 -2.55649
121119 -2.55611
121170 -2.52999
121222 -2.52304
121273 -2.52293
121325 -2.52598
121376 -2.52259
121428 -2.52568
121481 -2.52379
121532 -2.5239
121584 -2.52561
121637 -2.52348
121688 -2.52544
121739 -2.52415
121790 -2.52416
121841 -2.52533
121892 -2.52373
121943 -2.52501
121997 -2.52448
122049 -2.52403
122103 -2.52507
122154 -2.492
122208 -2.49196
122261 -2.48897
122314 -2.49257
122365 -2.49123
122416 -2.49051
122471 -2.49208
122523 -2.48986
122573 -2.49156
122626 -2.49139
122679 -2.49029
122730 -2.49168
122781 -2.49084
122833 -2.49084
122883 -2.49136
122933 -2.4904
122988 -2.4916
123040 -2.49139
123091 -2.49105
123143 -2.49143
123197 -2.4639
123249 -2.46026
123304 -2.45799
123357 -2.46082
123410 -2.4585
123465 -2.45983
123518 -2.46035
123570 -2.45838
123622 -2.46035
123674 -2.45955
123724 -2.45921
123775 -2.46024
123827 -2.45871
123878 -2.46025
123931 -2.45912
123984 -2.45891
124037 -2.45999
124091 -2.4589
124143 -2.45968
124197 -2.42909
124248 -2.42979
124300 -2.42626
124356 -2.42989
124407 -2.42788
124462 -2.42794
124521 -2.42946
124576 -2.42756
124632 -2.42854
124686 -2.42906
124739 -2.42737
124791 -2.42869
124842 -2.42842
124896 -2.42797
124949 -2.42906
125002 -2.42786
125054 -2.42841
125107 -2.42872
125160 -2.39715
125214 -2.39713
125266 -2.39402
125321 -2.39835
125373 -2.396
125426 -2.39585
125480 -2.39754
125532 -2.39518
125584 -2.39724
125637 -2.39617
125690 -2.39545
125741 -2.39742
125794 -2.39578
125848 -2.39665
125901 -2.39671
125955 -2.39568
126010 -2.39677
126062 -2.39629
126114 -2.39591
126166 -2.36794
126219 -2.36619
126271 -2.36464
126325 -2.36776
126378 -2.36485
126434 -2.36517
126488 -2.36694
126544 -2.36511
126597 -2.36664
126654 -2.36668
126706 -2.36509
126760 -2.36641
126813 -2.36564
126866 -2.36523
126919 -2.36669
126974 -2.36581
127030 -2.36576
127083 -2.36649
127135 -2.3657
127187 -2.33491
127242 -2.33498
127297 -2.33371
127350 -2.33607
127402 -2.33298
127455 -2.33466
127511 -2.33522
127565 -2.33328
127617 -2.33482
127673 -2.33407
127725 -2.33367
127777 -2.33503
127828 -2.33408
127881 -2.33437
127935 -2.3347
127988 -2.33382
128040 -2.33446
128093 -2.33421
128145 -2.33412
128197 -2.30536
128251 -2.30348
128305 -2.30211
128358 -2.30516
128410 -2.30182
128466 -2.30316
128524 -2.30395
128575 -2.30217
128628 -2.30414
128680 -2.30332
128733 -2.30286
128785 -2.30401
128837 -2.30261
128889 -2.30358
128942 -2.30342
128997 -2.3029
129049 -2.30374
129105 -2.3029
129159 -2.303
129212 -2.27048
129267 -2.27229
129321 -2.2682
129373 -2.27135
129426 -2.27027
129484 -2.26899
129539 -2.27183
129593 -2.26988
129647 -2.26972
129700 -2.27152
129753 -2.26945
129806 -2.27057
129858 -2.27055
129910 -2.2699
129965 -2.27078
130018 -2.27009
130073 -2.27027
130128 -2.27179
130185 -2.23817
130237 -2.24045
130292 -2.23633
130346 -2.24008
130397 -2.23875
130449 -2.23764
130506 -2.23965
130565 -2.23786
130623 -2.23799
130677 -2.23952
130730 -2.23901
130781 -2.23805
130832 -2.23897
130888 -2.23773
130939 -2.2387
130994 -2.23846
131048 -2.23816
131100 -2.23876
131153 -2.23919
131204 -2.20922
131257 -2.20778
131310 -2.20638
131364 -2.20964
131416 -2.20657
131469 -2.20818
131525 -2.20841
131580 -2.20656
131635 -2.20822
131690 -2.20778
131747 -2.20715
131804 -2.20836
131860 -2.20779
131913 -2.20712
131978 -2.20801
132091 -2.20713
132143 -2.20765
132195 -2.17464
132247 -2.17775
132303 -2.17401
132358 -2.17752
132410 -2.17646
132462 -2.17509
132515 -2.17722
132568 -2.17458
132668 -2.17541
132776 -2.17693
132862 -2.17528
132950 -2.17563
133039 -2.17579
133127 -2.17583
133212 -2.15179
133296 -2.14598
133380 -2.14564
133459 -2.14524
133525 -2.14496
133646 -2.14288
133708 -2.14457
133770 -2.14397
133885 -2.14386
133947 -2.14383
134011 -2.14333
134074 -2.14318
134144 -2.14178
134210 -2.10913
134290 -2.11115
134387 -2.11272
134496 -2.11136
134603 -2.11129
134711 -2.11294
134824 -2.11217
134930 -2.11193
135045 -2.11232
135152 -2.11216
135261 -2.08292
135468 -2.07964
135578 -2.08159
135684 -2.08139
135742 -2.08021
135804 -2.08141
135861 -2.08086
135925 -2.08048
135989 -2.08084
136052 -2.08125
136114 -2.08076
136176 -2.07904
136238 -2.04668
136301 -2.05203
136363 -2.05155
136419 -2.04867
136481 -2.0505
136541 -2.05157
136605 -2.04974
136668 -2.04954
136729 -2.05094
136788 -2.0506
136854 -2.04975
136924 -2.05023
137001 -2.0505
137099 -2.0506
137155 -2.05038
137219 -2.0507
137284 -2.01627
137349 -2.01977
137411 -2.01977
137469 -2.0172
137526 -2.01844
137588 -2.01935
137650 -2.01827
137706 -2.01779
137768 -2.01913
137829 -2.0186
137892 -2.0181
137954 -2.01839
138016 -2.01888
138078 -2.01827
138140 -2.01817
138202 -1.9843
138263 -1.98894
138326 -1.98771
138491 -1.98796
138602 -1.98784
138667 -1.98762
138783 -1.98685
138843 -1.98784
139020 -1.98745
139082 -1.98729
139207 -1.95368
139267 -1.95753
139333 -1.95718
139394 -1.95528
139451 -1.95623
139509 -1.95753
139568 -1.95584
139626 -1.95591
139690 -1.95736
139752 -1.95647
139814 -1.95586
139880 -1.95672
139947 -1.95674
140008 -1.95659
140072 -1.956
140135 -1.95627
140200 -1.92233
140263 -1.92648
140328 -1.92678
140388 -1.92403
140448 -1.92421
140506 -1.92631
140563 -1.92521
140625 -1.92441
140690 -1.92575
140752 -1.92549
140811 -1.92465
140864 -1.92528
140923 -1.92581
140981 -1.92501
141040 -1.92496
141102 -1.92568
141164 -1.9251
142861 0
143832 0
144858 0
145823 0
146849 0
147861 0
148835 0
149859 0
150875 0
151844 0
152857 0
153853 0
154180 -1.50631
155245 -1.46127
156525 -1.43097
157085 -1.43051
158822 0
159378 -1.33786
159430 -1.33725
159529 -1.33753
159675 -1.33854
159873 -1.33804
159925 -1.33877
159979 -1.33819
160031 -1.33823
160131 -1.33802
160274 -1.30898
160418 -1.30891
160609 -1.30937
160704 -1.30834
160756 -1.30816
161174 -1.29033
161367 -1.27708
162020 -1.27685
162208 -1.24268
162867 -1.24446
163196 -1.21213
163808 -1.21418
164883 0
165861 0
166238 -1.12382
167876 0
168863 0
169194 -1.02442
169532 -1.02502
169770 -1.02617
169958 -1.02623
170055 -1.02604
170106 -1.02621
170157 -0.997146
170210 -0.996966
170264 -0.994498
170318 -0.997824
170369 -0.995281
170422 -0.996231
170474 -0.997102
170525 -0.994992
170577 -0.996977
170630 -0.995349
170680 -0.996165
170731 -0.996469
170782 -0.995196
170832 -0.996472
170887 -0.995989
170940 -0.995551
170993 -0.99633
171045 -0.996002
171097 -0.995956
171148 -0.996181
171199 -0.965264
171250 -0.965731
171304 -0.963406
171355 -0.967362
171408 -0.963909
171460 -0.965267
171513 -0.965179
171566 -0.964027
171618 -0.965901
171669 -0.96453
171722 -0.965309
171774 -0.965568
171827 -0.964708
171880 -0.965149
171932 -0.964998
171983 -0.964768
172035 -0.965957
172088 -0.964392
172140 -0.964598
172191 -0.936154
172244 -0.935983
172299 -0.933417
172350 -0.937164
172401 -0.933941
172453 -0.935871
172505 -0.93546
172556 -0.934087
172608 -0.936234
172660 -0.934465
172711 -0.935118
172768 -0.935132
172822 -0.934487
172877 -0.93535
172934 -0.935156
172990 -0.934528
173043 -0.935147
173096 -0.934796
173148 -0.934678
173204 -0.906859
173257 -0.910441
173310 -0.905259
173361 -0.909533
173413 -0.907118
173463 -0.907075
173514 -0.905879
173568 -0.906573
173621 -0.909
173673 -0.908018
173725 -0.90719
173778 -0.908861
173828 -0.907107
173879 -0.907966
173931 -0.908115
173985 -0.907493
174039 -0.908682
174092 -0.90806
174144 -0.907737
174195 -0.876705
174246 -0.875914
174300 -0.874957
174354 -0.87852
174408 -0.873987
174463 -0.876131
174517 -0.878283
174568 -0.876596
174621 -0.873666
174674 -0.878114
174726 -0.876242
174778 -0.877676
174830 -0.87379
174883 -0.876339
174938 -0.87427
174991 -0.876899
175043 -0.873397
175095 -0.8773
175145 -0.876984
175197 -0.848461
175248 -0.844742
175300 -0.842237
175352 -0.849652
175404 -0.842677
175457 -0.848094
175507 -0.843983
175563 -0.846784
175617 -0.848727
175670 -0.846777
175722 -0.847285
175774 -0.848331
175827 -0.843618
175880 -0.844023
175933 -0.847817
175987 -0.843355
176039 -0.847902
176091 -0.847368
176143 -0.847731
176194 -0.815239
176245 -0.81553
176298 -0.815414
176349 -0.815799
176400 -0.812248
176452 -0.813958
176504 -0.814095
176556 -0.812801
176608 -0.814503
176660 -0.812624
176712 -0.81337
176765 -0.813726
176815 -0.813025
176866 -0.813824
176919 -0.813105
176974 -0.81356
177025 -0.813661
177077 -0.813332
177128 -0.813556
177179 -0.78133
177229 -0.783632
177282 -0.784103
177333 -0.783932
177385 -0.7847
177438 -0.785898
177489 -0.783022
177541 -0.78508
177595 -0.787104
177648 -0.781453
177699 -0.785953
177753 -0.786438
177807 -0.785249
177861 -0.786419
177912 -0.786319
177966 -0.785651
178017 -0.78238
178070 -0.782147
178122 -0.781905
178174 -0.754356
178226 -0.757194
178279 -0.753128
178329 -0.752293
178382 -0.751206
178434 -0.755009
178486 -0.753102
178539 -0.754396
178592 -0.756206
178646 -0.755434
178696 -0.754738
178747 -0.756267
178799 -0.754912
178851 -0.752011
178904 -0.751945
178957 -0.754849
179012 -0.751894
179063 -0.755732
179115 -0.751239
179166 -0.721352
179218 -0.727175
179272 -0.718698
179324 -0.723184
179378 -0.720234
179431 -0.720724
179486 -0.722406
179544 -0.724368
179598 -0.721144
179654 -0.725951
179708 -0.720343
179762 -0.721898
179813 -0.721237
179866 -0.720533
179918 -0.721841
179971 -0.72131
180024 -0.72108
180076 -0.725576
180127 -0.720942
180177 -0.691263
180228 -0.690342
180280 -0.688258
180335 -0.69155
180387 -0.688649
180440 -0.690655
180492 -0.689444
180544 -0.68835
180598 -0.690275
180653 -0.694003
180705 -0.689466
180756 -0.6904
180807 -0.689173
180860 -0.691016
180913 -0.694781
180966 -0.689048
181019 -0.690141
181071 -0.694279
181122 -0.695389
181173 -0.665378
181224 -0.662469
181277 -0.661899
181328 -0.66315
181380 -0.661514
181432 -0.664055
181482 -0.666058
181534 -0.662224
181586 -0.663528
181641 -0.665316
181693 -0.666098
181746 -0.66279
181796 -0.662313
181847 -0.663718
181900 -0.662521
181956 -0.662784
182008 -0.666229
182060 -0.662634
182113 -0.662644
182165 -0.631614
182216 -0.630406
182270 -0.626787
182322 -0.630651
182375 -0.628064
182426 -0.627976
182478 -0.630364
182529 -0.628007
182582 -0.62934
182636 -0.629046
182692 -0.627963
182743 -0.629168
182794 -0.628409
182846 -0.628246
182897 -0.629277
182953 -0.628545
183004 -0.62889
183058 -0.628731
183109 -0.628611
183162 -0.600239
183214 -0.604684
183267 -0.598257
183319 -0.605172
183370 -0.598896
183422 -0.600137
183473 -0.599619
183526 -0.599128
183577 -0.600869
183632 -0.599121
183684 -0.602935
183737 -0.600194
183789 -0.602522
183840 -0.603816
183892 -0.59982
183947 -0.599581
184002 -0.599779
184054 -0.602937
184106 -0.599556
184158 -0.57208
184210 -0.571422
184264 -0.569499
184317 -0.572479
184369 -0.568962
184421 -0.571275
184473 -0.570746
184527 -0.569245
184583 -0.571969
184636 -0.570126
184687 -0.570579
184741 -0.571132
184793 -0.569965
184844 -0.571359
184895 -0.570477
184951 -0.57417
185003 -0.571372
185057 -0.57419
185111 -0.570765
185163 -0.541101
185214 -0.539669
185267 -0.537054
185321 -0.543807
185373 -0.5413
185425 -0.538106
185479 -0.543615
185530 -0.537365
185583 -0.543007
185638 -0.542417
185691 -0.541692
185744 -0.542807
185794 -0.541692
185846 -0.538587
185898 -0.539076
185955 -0.538443
186013 -0.539021
186068 -0.542332
186121 -0.538445
186175 -0.511695
186230 -0.514392
186288 -0.510281
186342 -0.512835
186396 -0.513193
186450 -0.510354
186502 -0.513036
186553 -0.512065
186606 -0.511523
186660 -0.513035
186712 -0.511418
186766 -0.512331
186819 -0.512671
186872 -0.507906
186925 -0.512166
186981 -0.512194
187038 -0.51178
187090 -0.512141
187145 -0.512249
187197 -0.484028
187254 -0.479005
187308 -0.479245
187362 -0.482911
187415 -0.480356
187470 -0.480282
187524 -0.482675
187578 -0.480372
187636 -0.481688
187695 -0.481935
187751 -0.480399
187807 -0.481231
187861 -0.481975
187920 -0.480875
187979 -0.481488
188033 -0.481759
188088 -0.481025
188143 -0.481023
188195 -0.449882
188247 -0.452412
188301 -0.448381
188353 -0.452613
188405 -0.44972
188456 -0.450012
188508 -0.452061
188559 -0.449508
188612 -0.451942
188664 -0.450226
188717 -0.450391
188768 -0.451648
188820 -0.450059
188871 -0.451415
188924 -0.450746
188979 -0.450423
189030 -0.451251
189081 -0.450521
189136 -0.450832
189186 -0.419457
189240 -0.420721
189293 -0.417101
189345 -0.421391
189397 -0.419284
189451 -0.418758
189503 -0.42075
189555 -0.418184
189615 -0.42031
189668 -0.419991
189719 -0.418525
189771 -0.420327
189823 -0.419072
189875 -0.419615
189927 -0.420056
189979 -0.418927
190031 -0.419652
190087 -0.419543
190139 -0.41916
190190 -0.387004
190242 -0.391298
190294 -0.386713
190346 -0.391117
190400 -0.389334
190452 -0.388228
190504 -0.390295
190556 -0.388354
190609 -0.389428
190661 -0.3894
190712 -0.388288
190763 -0.38975
190816 -0.388929
190867 -0.389033
190920 -0.389356
190976 -0.388679
191028 -0.389328
191082 -0.389236
191136 -0.388872
191189 -0.357821
191242 -0.360866
191297 -0.356935
191349 -0.360242
191400 -0.358361
191454 -0.359
191505 -0.36027
191557 -0.357934
191613 -0.359807
191666 -0.359197
191718 -0.358519
191770 -0.35969
191821 -0.358788
191873 -0.359074
191926 -0.359152
191979 -0.358757
192030 -0.359162
192083 -0.35907
192135 -0.358919
192185 -0.332509
192237 -0.330576
192291 -0.326877
192343 -0.331571
192395 -0.327136
192447 -0.329594
192500 -0.329665
192554 -0.327939
192610 -0.330078
192664 -0.325414
192718 -0.328499
192770 -0.329756
192824 -0.328532
192879 -0.327334
192933 -0.329319
192988 -0.325351
193045 -0.325997
193100 -0.329167
193152 -0.328674
193205 -0.296362
193260 -0.300135
193310 -0.295639
193362 -0.299352
193413 -0.297582
193468 -0.297708
193521 -0.299524
193572 -0.296779
193626 -0.299182
193676 -0.294402
193729 -0.297272
193782 -0.295454
193834 -0.297606
193887 -0.298553
193940 -0.29842
193991 -0.297746
194042 -0.29857
194093 -0.297965
194145 -0.297813
194196 -0.269732
194248 -0.264115
194301 -0.265402
194352 -0.268616
194402 -0.265265
194457 -0.267626
194509 -0.267218
194560 -0.26554
194618 -0.265519
194671 -0.266938
194723 -0.266454
194773 -0.267633
194824 -0.2661
194876 -0.267593
194930 -0.267035
194981 -0.266353
195033 -0.264842
195086 -0.266738
195142 -0.266895
195193 -0.234686
195245 -0.235728
195297 -0.233055
195349 -0.237488
195400 -0.2346
195455 -0.235678
195507 -0.236747
195557 -0.233958
195610 -0.236424
195661 -0.235444
195713 -0.234928
195763 -0.233723
195814 -0.234802
195867 -0.235888
195918 -0.235308
195970 -0.23517
196021 -0.23602
196072 -0.235092
196125 -0.235673
196178 -0.205388
196230 -0.208311
196282 -0.204188
196334 -0.209628
196386 -0.205846
196437 -0.202768
196491 -0.207779
196542 -0.205511
196594 -0.203488
196645 -0.206124
196696 -0.2073
196747 -0.206731
196798 -0.204769
196849 -0.203333
196900 -0.206064
196952 -0.206384
197003 -0.202674
197055 -0.206189
197109 -0.207457
197161 -0.174354
197217 -0.17628
197271 -0.172457
197323 -0.172844
197374 -0.173486
197427 -0.175185
197481 -0.172241
197535 -0.173538
197589 -0.175582
197645 -0.175125
197698 -0.174134
197753 -0.175867
197804 -0.174578
197857 -0.174847
197911 -0.175522
197967 -0.174582
198020 -0.174845
198076 -0.175281
198129 -0.174782
198182 -0.139734
198236 -0.147905
198291 -0.143275
198343 -0.144539
198393 -0.142734
198443 -0.140026
198494 -0.142773
198543 -0.144106
198596 -0.145612
198647 -0.145574
198698 -0.144188
198748 -0.146126
198799 -0.140579
198849 -0.144918
198900 -0.145578
198953 -0.144466
199005 -0.145559
199059 -0.144849
199111 -0.144842
199165 -0.113027
199220 -0.115619
199276 -0.111638
199332 -0.113995
199385 -0.115735
199437 -0.109193
199489 -0.113906
199543 -0.109272
199596 -0.112398
199650 -0.115597
199701 -0.114267
199753 -0.11303
199803 -0.114715
199854 -0.114158
199905 -0.114805
199958 -0.113505
200008 -0.115584
200059 -0.114118
200109 -0.114943
200160 -0.076997
200210 -0.0793382
200263 -0.074409
200315 -0.0760273
200366 -0.0735628
200416 -0.079836
200468 -0.0791109
200519 -0.0756587
200570 -0.0802632
200623 -0.0743128
200673 -0.0796433
200724 -0.0752666
200776 -0.0789595
200827 -0.0757525
200877 -0.0759088
200931 -0.0792347
200982 -0.0754434
201035 -0.075165
201086 -0.075565
201136 -0.0754649
201186 -0.0556615
201238 -0.0525623
201293 -0.0522966
201343 -0.0542331
201397 -0.0518695
201450 -0.0526214
201501 -0.0523695
201551 -0.0544867
201602 -0.0531042
201653 -0.0520902
201704 -0.0527207
201756 -0.0526638
201806 -0.0540293
201856 -0.0526814
201906 -0.0527057
201957 -0.0528102
202009 -0.0526686
202060 -0.0523865
202110 -0.0529318
202160 -0.0236085
202211 -0.0238765
202263 -0.0207617
202314 -0.0270063
202366 -0.0214995
202417 -0.0219388
202470 -0.0224762
202521 -0.0214446
202573 -0.0234494
202626 -0.0202303
202675 -0.0215287
202726 -0.0225982
202776 -0.0224562
202826 -0.0229022
202876 -0.0206377
202928 -0.0216757
202979 -0.0216888
203027 -0.0212651
203081 -0.0221927
203133 -0.0218673
203185 0.00849813
203238 0.0061171
203292 0.0124564
203344 0.00803841
203394 0.00862748
203447 0.00935901
203502 0.00861539
203555 0.00915857
203610 0.00904564
203664 0.00973979
203717 0.00866834
203770 0.00929858
203824 0.0103093
203877 0.00973715
203932 0.00933231
203987 0.0101842
204041 0.0094723
204094 0.00841331
204148 0.0101579
204199 0.0420637
204252 0.0369455
204305 0.0418757
204356 0.0382946
204405 0.0395859
204455 0.0395803
204504 0.0383018
204553 0.0407732
204605 0.0379263
204656 0.0400363
204711 0.0388301
204760 0.0388753
204809 0.0396891
204858 0.0386495
204908 0.0397228
204958 0.0385711
205008 0.0395765
205058 0.0393981
205109 0.0387952
205158 0.0641401
205209 0.0716243
205260 0.0714795
205310 0.0701403
205363 0.0724747
205412 0.0698587
205465 0.0716683
205517 0.0713022
205570 0.0689774
205621 0.0720887
205672 0.0687427
205724 0.0714768
205777 0.0711071
205829 0.0707965
205880 0.0718545
205932 0.0712235
205985 0.0712333
206034 0.0710721
206086 0.0691428
206137 0.0717352
206187 0.100141
206237 0.0980025
206288 0.102509
206338 0.0976406
206387 0.100366
206438 0.0984516
206487 0.0988549
206537 0.0997553
206588 0.0981562
206638 0.0998913
206688 0.0985232
206737 0.0988978
206785 0.100522
206834 0.0998706
206883 0.0991413
206934 0.0984973
206983 0.0991312
207032 0.0989873
207081 0.0987483
207131 0.0990158
207179 0.124722
207228 0.130952
207278 0.131372
207328 0.128172
207380 0.131987
207429 0.127935
207480 0.131719
207529 0.129496
207581 0.130355
207637 0.131963
207687 0.128895
207736 0.131281
207786 0.130181
207837 0.130246
207906 0.130956
207958 0.130445
208008 0.129843
208058 0.130978
208107 0.130119
208160 0.155817
208208 0.159456
208261 0.159956
208312 0.158252
208362 0.160725
208411 0.15945
208463 0.159753
