0.0167482 -0.00906005 0.00805709
0.0169889 -0.00867598 0.00805709
0.0174996 -0.00778657 0.00805709
0.0177155 -0.00813743 0.0078094
0.0153843 -0.0105976 0.00121784
0.0180552 -0.00631899 0.00959961
0.0159695 -0.00983307 0.00121784
0.0179976 -0.00591521 0.00830485
0.018244 -0.00624554 0.00805709
0.018083 -0.00570652 0.00830485
0.0164192 -0.00918588 0.00121784
0.0172712 -0.00867164 0.00230156
0.0165633 -0.0089656 0.00121784
0.0183419 -0.00502538 0.00830485
0.0184447 -0.00526574 0.00675439
0.0174944 -0.00747373 0.00255135
0.0176052 -0.00725762 0.00255135
0.0186275 -0.00474801 0.00675439
0.0178222 -0.00681342 0.00255135
0.0171431 -0.00716973 0.00146824
0.017434 -0.00746967 0.00121784
0.0173072 -0.00684238 0.00146824
0.0176039 -0.00713654 0.00121784
0.0174917 -0.00645366 0.00146824
0.0177951 -0.00674088 0.00121784
0.0183126 -0.00568268 0.00255135
0.0186212 -0.0059624 0.00230156
0.0179676 -0.00636266 0.00121784
0.0184194 -0.00451376 0.00412651
0.0187305 -0.00478912 0.0038772
0.0177458 -0.00587656 0.00146824
0.0180588 -0.00615334 0.00121784
0.0188162 -0.00271584 0.00700268
0.0191281 -0.00298686 0.00675439
0.0188699 -0.00246574 0.00700268
0.0185499 -0.00505071 0.00255135
0.0179098 -0.00547311 0.00146824
0.0182291 -0.00574248 0.00121784
0.0177099 -0.00488371 0.0017187
0.0180343 -0.00514711 0.00146824
0.0183587 -0.00541044 0.00121784
0.0186316 -0.00177909 0.00725104
0.0186938 -0.00463016 0.00255135
0.0180637 -0.00506738 0.00146824
0.0183893 -0.00532923 0.00121784
0.018694 -0.00139192 0.00725104
0.0178656 -0.00443675 0.0017187
0.0181968 -0.00469163 0.00146824
0.0185279 -0.00494644 0.00121784
0.0187103 -0.00128121 0.00725104
0.0185194 -0.00387734 0.00280121
0.0183765 -0.00423011 0.00213568
0.0182332 -0.0045839 0.00146824
0.0185659 -0.00483668 0.00121784
0.0181067 -0.00365665 0.0017187
0.018449 -0.00389642 0.00146824
0.0187912 -0.00413613 0.00121784
0.0178501 -0.00309483 0.00196924
0.0181969 -0.00332822 0.0017187
0.0185436 -0.00356155 0.00146824
0.0182027 -0.00330623 0.0017187
0.0185497 -0.00353912 0.00146824
0.0182795 -0.00300407 0.0017187
0.0186304 -0.00323099 0.00146824
0.0183312 -0.00278735 0.0017187
0.0186849 -0.00300996 0.00146824
0.0129951 0.00334885 0.00993321
0.0129793 0.00344362 0.00993321
0.0191409 -0.00279622 0.00121784
0.0120096 0.00333777 0.0091265
0.0133046 0.00343269 0.00968327
0.0173928 -0.00145776 0.0024705
0.0177553 -0.00166639 0.00221984
0.0129167 0.00378183 0.00993321
0.01235 0.00326401 0.00887588
0.0127142 0.00305973 0.00862532
0.0168667 -0.00180191 0.00138328
0.0128771 0.00397325 0.00993321
0.0123185 0.00344667 0.00887588
0.0126858 0.00324808 0.00862532
0.013053 0.00304954 0.00837483
0.0181978 -0.00140054 0.00196924
0.0128344 0.00416434 0.00993321
0.0132035 0.003972 0.00968327
0.0126544 0.00343627 0.00862532
0.0130246 0.00324347 0.00837483
0.0133948 0.00305073 0.0081244
0.0182382 -0.00112588 0.00196924
0.0186091 -0.00131878 0.0017187
0.0127852 0.00436889 0.00993321
0.0131575 0.00418276 0.00968327
0.0135297 0.00399668 0.00943339
0.0129908 0.00345134 0.00837483
0.0133641 0.00326482 0.0081244
0.0137373 0.00307835 0.00787404
0.0127533 0.00449416 0.00993321
0.0131275 0.00431187 0.00968327
0.0135016 0.00412963 0.00943339
0.0129683 0.00357878 0.00837483
0.0133435 0.00339611 0.0081244
0.0137186 0.00321349 0.00787404
0.0127196 0.00462074 0.00993321
0.0130957 0.00444236 0.00968327
0.0133213 0.0035289 0.0081244
0.0136983 0.0033502 0.00787404
0.0140752 0.00317154 0.00762374
0.0130292 0.00469817 0.00968327
0.0134087 0.00452759 0.00943339
0.0131374 0.0030472 0.00680784
0.0135191 0.00287588 0.00655693
0.0139007 0.0027046 0.00630609
0.0166979 -0.000169543 0.00163463
0.0183508 -9.93891e-05 0.00196924
0.0141319 0.00435115 0.00893383
0.0136253 0.00377699 0.00787404
0.0131156 0.00319936 0.00680784
0.0134994 0.00303268 0.00655693
0.013883 0.00286605 0.00630609
0.0167149 2.60759e-05 0.00163463
0.0170998 -0.000140926 0.00138328
0.0133253 0.00484487 0.00943339
0.0137089 0.00468382 0.00918357
0.0135932 0.00394226 0.00787404
0.0139778 0.00378088 0.00762374
0.0134767 0.00319641 0.00655693
0.0138624 0.00303466 0.00630609
0.0142481 0.00287296 0.00605531
0.0167301 0.000230884 0.00163463
0.0171172 6.8784e-05 0.00138328
0.0128901 0.00517468 0.00968327
0.013276 0.00501885 0.00943339
0.0136618 0.00486307 0.00918357
0.0140474 0.00470732 0.00893383
0.0135561 0.00411999 0.00787404
0.0139429 0.00396389 0.00762374
0.0143296 0.00380783 0.00737351
0.0138378 0.00321617 0.00630609
0.0142256 0.00305976 0.00605531
0.0163543 0.000608745 0.00188604
0.0171329 0.000295135 0.00138328
0.017522 0.000138393 0.001132
0.0144018 0.00468256 0.00868414
0.0147887 0.00453055 0.00843453
0.0143055 0.00393784 0.00737351
0.0138194 0.00334154 0.00630609
0.0142086 0.00318881 0.00605531
0.0145978 0.00303612 0.0058046
0.0171419 0.000451852 0.00138328
0.0175326 0.000298803 0.001132
0.0144158 0.00569121 0.00998727
0.0143343 0.00494904 0.00868414
0.0147241 0.00480455 0.00843453
0.0142525 0.00420259 0.00737351
0.0146434 0.00405778 0.00712335
0.0141701 0.00345183 0.00605531
0.013694 0.00284221 0.0049808
0.0140873 0.00269672 0.00472947
0.0144805 0.00255127 0.00447821
0.0131138 0.00553633 0.00943339
0.0135057 0.00539651 0.00918357
0.0138974 0.00525672 0.00893383
0.014289 0.00511697 0.00868414
0.0142163 0.00436958 0.00737351
0.0146089 0.00422957 0.00712335
0.0141431 0.00361787 0.00605531
0.0136745 0.00300247 0.0049808
0.0140695 0.0028618 0.00472947
0.0144645 0.00272118 0.00447821
0.0130254 0.00579078 0.00943339
0.0133602 0.00491082 0.00787404
0.0137559 0.00477877 0.00762374
0.0141514 0.00464676 0.00737351
0.0145468 0.00451478 0.00712335
0.0149422 0.00438284 0.00687325
0.0144902 0.00376145 0.0058046
0.0148866 0.00362923 0.00555395
0.0144332 0.00300376 0.00447821
0.0155178 0.00107602 0.00104554
0.0145459 0.00546234 0.00843453
0.0141029 0.00483896 0.00737351
0.0145002 0.00471261 0.00712335
0.0148973 0.0045863 0.00687325
0.0144542 0.00395855 0.0058046
0.0140084 0.003327 0.00472947
0.014408 0.00320013 0.00447821
0.0139608 0.00256444 0.00339593
0.0143615 0.00243729 0.00314412
0.0139128 0.00179743 0.00205462
0.0143148 0.00167002 0.00180225
0.0147166 0.00154264 0.00154995
0.0141054 0.00572715 0.00868414
0.0144648 0.00485498 0.00712335
0.0148632 0.00473274 0.00687325
0.0144265 0.00410049 0.0058046
0.0148261 0.003978 0.00555395
0.0143881 0.00334163 0.00447821
0.0139474 0.00270139 0.00339593
0.0143494 0.00257836 0.00314412
0.0139073 0.00193393 0.00205462
0.0143105 0.00181065 0.00180225
0.0155195 0.00144098 0.00104554
0.0140422 0.00591665 0.00868414
0.0144413 0.00580023 0.00843453
0.0148139 0.00493299 0.00687325
0.0152139 0.0048164 0.00662322
0.0147875 0.00417781 0.00555395
0.0143584 0.00353534 0.00447821
0.0147609 0.00341824 0.00422701
0.0143305 0.0027716 0.00314412
0.0147341 0.00265427 0.00289237
0.0143024 0.00200342 0.00180225
0.0147072 0.00188584 0.00154995
0.0135829 0.00619667 0.00893383
0.0139835 0.00608525 0.00868414
0.014384 0.00597386 0.00843453
0.0147844 0.0058625 0.00818497
0.0151847 0.00575116 0.00793549
0.015169 0.00499982 0.00662322
0.0155703 0.00488829 0.00637325
0.0151532 0.00424413 0.00530337
0.0147335 0.00359607 0.00422701
0.0143113 0.00294408 0.00314412
0.0138865 0.00228811 0.00205462
0.0142928 0.0021756 0.00180225
0.0146991 0.00206312 0.00154995
0.0134816 0.00645875 0.00893383
0.0146896 0.00614898 0.00818497
0.0150921 0.00604578 0.00793549
0.014688 0.00539767 0.00687325
0.0150916 0.00529427 0.00662322
0.0146863 0.00464202 0.00555395
0.0150911 0.00453842 0.00530337
0.0146847 0.00388199 0.00422701
0.0150906 0.00377819 0.00397588
0.014683 0.00311755 0.00289237
0.0150901 0.00301355 0.00264069
0.014232 0.00640288 0.00843453
0.0146356 0.0063041 0.00818497
0.0146423 0.00555281 0.00687325
0.015047 0.00545387 0.00662322
0.0150548 0.00469806 0.00530337
0.0146557 0.00403719 0.00422701
0.0142541 0.00337231 0.00314412
0.0146624 0.00327278 0.00289237
0.0142597 0.00260363 0.00180225
0.0146692 0.00250391 0.00154995
0.0137564 0.00668175 0.00868414
0.0145664 0.00649519 0.00818497
0.0149713 0.00640195 0.00793549
0.0145833 0.00574407 0.00687325
0.0149894 0.00565065 0.00662322
0.0153953 0.00555726 0.00637325
0.0150075 0.00489502 0.00530337
0.0154146 0.00480146 0.00505286
0.0158216 0.00470793 0.00480241
0.0146346 0.00346452 0.00289237
0.0150442 0.00337059 0.00264069
0.0146519 0.00269582 0.00154995
0.0136705 0.00688818 0.00868414
0.0153582 0.00503422 0.00505286
0.0149799 0.00436173 0.00397588
0.0145992 0.00368516 0.00289237
0.0150102 0.0035977 0.00264069
0.0135551 0.00715215 0.00868414
0.0156424 0.00600871 0.00612335
0.01528 0.00533279 0.00505286
0.0156901 0.00525397 0.00480241
0.0153268 0.00457381 0.00372482
0.0149613 0.00388951 0.00264069
0.0145935 0.00320105 0.00154995
0.0147627 0.00634394 0.00662322
0.0151727 0.00627035 0.00637325
0.0155826 0.00619679 0.00612335
0.0159924 0.00612325 0.00587352
0.015285 0.00475804 0.00372482
0.0156972 0.00468425 0.00347382
0.0153416 0.0039953 0.00238907
0.0149838 0.00330215 0.00129771
0.015079 0.00711629 0.00768607
0.0154882 0.00704556 0.00743671
0.01555 0.00629619 0.00612335
0.0156121 0.0055425 0.00480241
0.0160235 0.00547158 0.00455203
0.0156746 0.00478445 0.00347382
0.0145551 0.00346894 0.00154995
0.0149704 0.00339764 0.00129771
0.0158028 0.00722459 0.00718742
0.0154666 0.00654034 0.00612335
0.015878 0.00647625 0.00587352
0.0159537 0.00572359 0.00455203
0.015616 0.00503084 0.00347382
0.0152764 0.00433389 0.00238907
0.0149346 0.00363269 0.00129771
0.0154088 0.0067025 0.00612335
0.0158208 0.00664291 0.00587352
0.0159047 0.00589112 0.00455203
0.0163178 0.00583147 0.00430171
0.0159891 0.00513498 0.00322289
0.0156584 0.00443427 0.00213752
0.0132082 0.00786962 0.00868414
0.0144438 0.00770276 0.00793549
0.0153563 0.00684501 0.00612335
0.0157689 0.00678939 0.00587352
0.0161814 0.00673378 0.00562375
0.0158601 0.00603845 0.00455203
0.0162737 0.00598278 0.00430171
0.0159517 0.00528316 0.00322289
0.0148842 0.00392704 0.00129771
0.0153018 0.00387114 0.00104554
0.0152658 0.0070816 0.00612335
0.0156792 0.00703262 0.00587352
0.0161969 0.00623422 0.00430171
0.0158861 0.00552952 0.00322289
0.0163018 0.00548046 0.00297203
0.0161037 0.00652115 0.00430171
0.0158061 0.00581084 0.00322289
0.0155066 0.00509621 0.00213752
0.0163456 0.00736992 0.00537404
0.0160561 0.00666123 0.00430171
0.0164717 0.00662364 0.00405146
0.0161818 0.00591064 0.00297203
0.0158901 0.00519332 0.00188604
0.015575 0.00687877 0.00455203
0.0159911 0.00684615 0.00430171
0.0164071 0.00681355 0.00405146
0.0161257 0.00609712 0.00297203
0.015138 0.00468381 0.00104554
0.0157668 0.00780694 0.00562375
0.016182 0.00778022 0.00537404
0.0159112 0.00706419 0.00430171
0.0163276 0.00703749 0.00405146
0.016744 0.0070108 0.00380128
0.0164741 0.00629047 0.00272123
0.0152684 0.00801896 0.00587352
0.015684 0.00799746 0.00562375
0.0160996 0.00797597 0.00537404
0.016515 0.00795449 0.00512441
0.0162545 0.00723514 0.00405146
0.0164104 0.00649002 0.00272123
0.0168282 0.00646861 0.0024705
0.0155829 0.00822171 0.00562375
0.0159987 0.00820642 0.00537404
0.0157477 0.00748322 0.00430171
0.0161647 0.00746798 0.00405146
0.0165816 0.00745275 0.00380128
0.0163316 0.00672527 0.00272123
0.0167497 0.00671009 0.0024705
0.0164995 0.00597825 0.00138328
0.0159093 0.00840334 0.00537404
0.0156676 0.00767698 0.00430171
0.0160847 0.00766709 0.00405146
0.0165018 0.0076572 0.00380128
0.0162612 0.00692658 0.00272123
0.0166794 0.00691676 0.0024705
0.0164386 0.00618177 0.00138328
0.0149876 0.00860329 0.00587352
0.0154038 0.00859852 0.00562375
0.0158199 0.00859375 0.00537404
0.0160045 0.00785975 0.00405146
0.0164216 0.00785506 0.00380128
0.0168386 0.00785038 0.00355116
0.0166085 0.00711689 0.0024705
0.0170267 0.00711229 0.00221984
0.0167964 0.00637444 0.001132
0.0148663 0.00883855 0.00587352
0.0158952 0.00811179 0.00405146
0.0163124 0.00811396 0.00380128
0.0167294 0.00811612 0.00355116
0.0165113 0.00737896 0.0024705
0.0169295 0.00738122 0.00221984
0.0167114 0.00663969 0.001132
0.0160445 0.00898765 0.00512441
0.0164604 0.00899355 0.00487483
0.0162491 0.00825874 0.00380128
0.0166661 0.00826475 0.00355116
0.017083 0.00827076 0.00330111
0.016873 0.00753173 0.00221984
0.0166617 0.00678821 0.001132
0.0163797 0.0091583 0.00487483
0.0167954 0.00916852 0.00462533
0.016593 0.00843167 0.00355116
0.0170098 0.00844202 0.00330111
0.0168075 0.00770085 0.00221984
0.0172255 0.00771132 0.00196924
0.0102581 0.00984844 0.00968327
0.010674 0.00986326 0.00943339
0.0156783 0.00858131 0.00405146
0.0160952 0.00859636 0.00380128
0.016512 0.00861141 0.00355116
0.0169287 0.00862645 0.00330111
0.0170405 0.00826287 0.00263614
0.0171526 0.00789823 0.00196924
0.0175703 0.00791341 0.0017187
0.0105487 0.010009 0.00943339
0.0109642 0.0100299 0.00918357
0.0161724 0.00956313 0.00487483
0.0165876 0.00958408 0.00462533
0.0164043 0.00884225 0.00355116
0.0168207 0.00886336 0.00330111
0.017237 0.00888446 0.00305113
0.0170552 0.00813847 0.00196924
0.0174727 0.00815973 0.0017187
0.0178901 0.00818098 0.00146824
0.0104451 0.0101264 0.00943339
0.0108603 0.0101522 0.00918357
0.0160736 0.00974728 0.00487483
0.0158979 0.00900316 0.00380128
0.0163141 0.00902921 0.00355116
0.0167303 0.00905525 0.00330111
0.0171463 0.00908129 0.00305113
0.0169733 0.00833319 0.00196924
0.0173905 0.0083594 0.0017187
0.0178076 0.0083856 0.00146824
0.01634 0.0100471 0.00462533
0.0167544 0.0100801 0.00437589
0.0170096 0.0093667 0.00305113
0.017425 0.00939993 0.00280121
0.0176828 0.00868257 0.00146824
0.0180993 0.00871598 0.00121784
0.0158137 0.0102085 0.00487483
0.0162277 0.0102469 0.00462533
0.0173208 0.00961357 0.00280121
0.0177357 0.00965208 0.00255135
0.0175878 0.00889956 0.00146824
0.0180038 0.00893827 0.00121784
0.0161286 0.0104183 0.00462533
0.0165421 0.0104612 0.00437589
0.0172287 0.00979711 0.00280121
0.0180573 0.00988323 0.00230156
0.017919 0.00912936 0.00121784
0.0103745 0.0106878 0.00918357
0.0107877 0.0107357 0.00893383
0.0106376 0.00998487 0.00787404
0.0139489 0.0103697 0.00587352
0.0143624 0.0104177 0.00562375
0.0147757 0.0104658 0.00537404
0.0151889 0.0105138 0.00512441
0.015602 0.0105618 0.00487483
0.016015 0.0106098 0.00462533
0.0164279 0.0106578 0.00437589
0.0168407 0.0107058 0.00412651
0.0171226 0.0100022 0.00280121
0.0175364 0.0100504 0.00255135
0.0183637 0.0101468 0.00205184
0.0102773 0.0107883 0.00918357
0.01069 0.0108405 0.00893383
0.0138549 0.0105071 0.00587352
0.0142678 0.0105594 0.00562375
0.0155058 0.0107163 0.00487483
0.0153779 0.0099625 0.00380128
0.0163307 0.0108208 0.00437589
0.0162052 0.0100675 0.00330111
0.0174455 0.0102249 0.00255135
0.0178586 0.0102774 0.00230156
0.0182717 0.0103298 0.00205184
0.01015 0.0109169 0.00918357
0.0105619 0.0109746 0.00893383
0.015379 0.0109148 0.00487483
0.0157908 0.0109726 0.00462533
0.0162024 0.0110303 0.00437589
0.016087 0.0102754 0.00330111
0.017325 0.0104494 0.00255135
0.0177375 0.0105074 0.00230156
0.0181498 0.0105653 0.00205184
0.0185621 0.0106233 0.00180219
0.010003 0.0110612 0.00918357
0.010414 0.0111251 0.00893383
0.0102932 0.010369 0.00787404
0.0107053 0.0104332 0.00762374
0.0143006 0.0102528 0.00430171
0.0147129 0.0103171 0.00405146
0.0151251 0.0103815 0.00380128
0.0155371 0.0104458 0.00355116
0.0175958 0.0107671 0.00230156
0.0180072 0.0108314 0.00205184
0.0184186 0.0108956 0.00180219
0.0188298 0.0109597 0.0015526
0.0192408 0.0110239 0.00130307
0.0101559 0.0105141 0.00787404
0.010567 0.0105845 0.00762374
0.0170412 0.0109518 0.00255135
0.0174517 0.0110223 0.00230156
0.0178621 0.0110927 0.00205184
0.0182724 0.0111631 0.00180219
0.0186825 0.0112334 0.0015526
0.0190926 0.0113038 0.00130307
0.010896 0.0107455 0.00737351
0.0107952 0.00998274 0.00630609
0.0161362 0.0109473 0.00305113
0.0185952 0.0113913 0.0015526
0.0190046 0.0114653 0.00130307
0.019414 0.0115392 0.00105361
0.0103373 0.010826 0.00762374
0.0107464 0.0109065 0.00737351
0.0155739 0.0111103 0.00330111
0.0159828 0.0111908 0.00305113
0.0168706 0.0121109 0.00362796
0.0172781 0.012191 0.00337878
0.0172091 0.0114323 0.00230156
0.0180926 0.0123512 0.00288062
0.0192508 0.0118343 0.00105361
0.0100302 0.0123297 0.00998727
0.00994542 0.0115733 0.00893383
0.0161491 0.0117234 0.00346481
0.0167928 0.0122275 0.00362796
0.0171996 0.0123105 0.00337878
0.0176064 0.0123936 0.00312967
0.018013 0.0124766 0.00288062
0.0184195 0.0125596 0.00263163
0.0187674 0.0118847 0.00130307
0.0191749 0.011968 0.00105361
0.00981414 0.0125113 0.00998727
0.00974412 0.0117534 0.00893383
0.0101498 0.0118444 0.00868414
0.0100806 0.0110824 0.00762374
0.0104875 0.0111737 0.00737351
0.0153078 0.0115061 0.00330111
0.0157145 0.0115975 0.00305113
0.0165774 0.0125409 0.00362796
0.0169826 0.0126319 0.00337878
0.0173876 0.0127228 0.00312967
0.0177926 0.0128137 0.00288062
0.0181974 0.0129046 0.00263163
0.0186021 0.0129955 0.00238272
0.00973395 0.012577 0.00998727
0.00966935 0.0118186 0.00893383
0.0104168 0.0112442 0.00737351
0.0103539 0.0104774 0.00630609
0.0160923 0.012561 0.0038772
0.0164969 0.0126549 0.00362796
0.0169013 0.0127487 0.00337878
0.0173057 0.0128426 0.00312967
0.01771 0.0129364 0.00288062
0.0181142 0.0130302 0.00263163
0.0185182 0.0131239 0.00238272
0.0189222 0.0132176 0.00213387
0.019326 0.0133113 0.00188508
0.0103336 0.0113259 0.00737351
0.0159979 0.0126902 0.0038772
0.0164016 0.0127874 0.00362796
0.0163636 0.0120261 0.00255135
0.0167685 0.0121237 0.00230156
0.0101894 0.0114644 0.00737351
0.0137856 0.0116298 0.00405146
0.0162359 0.0130127 0.00362796
0.0162087 0.0122509 0.00255135
0.0202536 0.0140415 0.00113911
0.0100231 0.0116193 0.00737351
0.0156429 0.0131562 0.0038772
0.0156269 0.0123937 0.00280121
0.0103105 0.0110447 0.00605531
0.0107128 0.0111585 0.0058046
0.0119189 0.0114998 0.00505286
0.0135256 0.0119545 0.00405146
0.015541 0.0132848 0.0038772
0.0159406 0.0133978 0.00362796
0.0183365 0.0140752 0.00213387
0.0187354 0.0141879 0.00188508
0.0191342 0.0143007 0.00163636
0.0101042 0.0112467 0.00605531
0.0176681 0.014324 0.00238272
0.0180646 0.0144452 0.00213387
0.0147496 0.0128914 0.00305113
0.0151465 0.0130182 0.00280121
0.0167122 0.0142861 0.00288062
0.0171075 0.0144124 0.00263163
0.0175026 0.0145386 0.00238272
0.0161585 0.0143516 0.00312967
0.0165522 0.0144827 0.00288062
0.0169459 0.0146138 0.00263163
0.0192673 0.0161519 0.00221531
0.0145043 0.0131853 0.00305113
0.0160447 0.0144863 0.00312967
0.0164373 0.0146209 0.00288062
0.018747 0.0161798 0.0024633
0.0191378 0.0163136 0.00221531
0.0195284 0.0164473 0.00196739
0.0199189 0.0165811 0.00171953
0.0123587 0.0126908 0.00430171
0.0127513 0.0128322 0.00405146
0.0146688 0.0143001 0.0038772
0.0150596 0.0144408 0.00362796
0.0162314 0.0148625 0.00288062
0.0185169 0.0164567 0.0024633
0.0189055 0.0165965 0.00221531
0.0189619 0.0158453 0.00113911
0.00816611 0.0136867 0.00998727
0.0148593 0.0146584 0.00362796
0.0160246 0.0150978 0.00288062
0.0178991 0.0165808 0.00271135
0.0179646 0.0158295 0.00163636
0.0183523 0.0159757 0.0013877
0.010071 0.0115515 0.00447821
0.0131128 0.0135636 0.00355116
0.0157448 0.0154051 0.00288062
0.0172849 0.0160216 0.00188508
0.0176697 0.0161756 0.00163636
0.0195059 0.0176921 0.00147174
0.0156658 0.0154896 0.00288062
0.0160502 0.0156459 0.00263163
0.0172025 0.0161146 0.00188508
0.0175865 0.0162708 0.00163636
0.0179703 0.0164269 0.0013877
0.0194141 0.0177976 0.00147174
0.0197963 0.0179529 0.00122401
0.015083 0.0155383 0.00312967
0.0154652 0.0157001 0.00288062
0.0153374 0.0158312 0.00288062
0.015718 0.0159963 0.00263163
0.0160986 0.0161613 0.00238272
0.0178956 0.017732 0.00221531
0.0182745 0.0178962 0.00196739
0.0186532 0.0180604 0.00171953
0.0104175 0.0122668 0.00397588
0.0107997 0.0124381 0.00372482
0.0147882 0.0158328 0.00312967
0.015167 0.0160024 0.00288062
0.0155457 0.0161719 0.00263163
0.0124284 0.0142267 0.00355116
0.0128065 0.0144025 0.00330111
0.0153325 0.0163836 0.00263163
0.0157086 0.0165585 0.00238272
0.014008 0.0160394 0.00337878
0.00896051 0.0113269 0.00364781
0.00933693 0.0115145 0.00339593
0.0124589 0.0147187 0.00330111
0.0105391 0.0131799 0.00347382
0.0118858 0.0147042 0.00355116
0.0122563 0.0148955 0.00330111
0.0154354 0.0173597 0.00213387
0.0067041 0.0113232 0.00598679
0.00721031 0.0107521 0.00465601
0.00906833 0.011739 0.00339593
0.0117374 0.0148281 0.00355116
0.0124739 0.0152189 0.00305113
0.00664183 0.011361 0.00598679
0.00900342 0.0117914 0.00339593
0.0116532 0.0148971 0.00355116
0.0120203 0.0150948 0.00330111
0.0123873 0.0152925 0.00305113
0.0155215 0.01781 0.00188508
0.0105096 0.0137047 0.00322289
0.00638312 0.0108469 0.00490823
0.0103277 0.014337 0.00297203
0.00890893 0.0128417 0.00289237
0.00926292 0.0130681 0.00264069
0.00961683 0.0132945 0.00238907
0.0101159 0.0144928 0.00297203
0.0104685 0.0147181 0.00272123
0.0123676 0.016805 0.00230156
0.0127185 0.0170292 0.00205184
0.00652318 0.0105633 0.00357026
0.00687632 0.0107949 0.00331748
0.0055696 0.0119336 0.00598679
0.0100726 0.0150012 0.00272123
0.0125981 0.0176114 0.00180219
0.00558353 0.0112892 0.00490823
0.0104707 0.0156785 0.00221984
0.0119212 0.0176137 0.00205184
0.0122604 0.017855 0.00180219
0.0125995 0.0180963 0.0015526
0.00553012 0.0113158 0.00490823
0.0118338 0.0176741 0.00205184
0.0121717 0.0179173 0.00180219
0.00513754 0.0115003 0.00490823
0.00479611 0.011646 0.00490823
0.00632938 0.00999258 0.00112473
0.00607118 0.010158 0.00112473
0.00598114 0.0102132 0.00112473
0.00483942 0.00946238 0.00188702
0.00545496 0.0100489 0.00137876
0.00576261 0.0103421 0.00112473
0.00435119 0.00873478 0.0010373
0.00385002 0.00947551 0.00214126
0.00425296 0.00878378 0.0010373
0.00422086 0.00879944 0.0010373
0.00413354 0.00884119 0.0010373
0.00388602 0.00989259 0.00188702
0.00415845 0.010219 0.00163286
0.00383177 0.00897604 0.0010373
0.00347573 0.0104631 0.00163286
0.00372261 0.0108091 0.00137876
0.00333568 0.0091675 0.0010373
0.00381943 0.0112053 0.00112473
0.00300392 0.0101812 0.00188702
0.00324197 0.0105335 0.00163286
0.00371787 0.0112379 0.00112473
0.0030838 0.0105776 0.00163286
0.00256502 0.0102891 0.00188702
0.00278542 0.0106527 0.00163286
0.00300577 0.0110162 0.00137876
0.00322606 0.0113796 0.00112473
0.00245904 0.0103118 0.00188702
0.00266596 0.00937038 0.0010373
0.00221092 0.0103597 0.00188702
0.00241685 0.0107317 0.00163286
0.00262272 0.0111036 0.00137876
0.00165516 0.00956476 0.0010373
0.000928731 0.0100952 0.00214126
0.00108736 0.0104898 0.00188702
0.00125005 0.00960681 0.0010373
0.000427951 0.0117888 0.00247786
0.000373889 0.0117878 0.00247786
3.21361e-05 0.0130649 0.00306478
0.000173849 0.0134624 0.00281214
0.000315524 0.0138599 0.00255956
0.00102333 0.0158457 0.00129771
0.00116478 0.0162425 0.00104554
0.000237623 0.011784 0.00247786
-0.000120742 0.0130565 0.00306478
1.57779e-05 0.0134559 0.00281214
0.000152262 0.0138552 0.00255956
0.000561495 0.0150524 0.00180225
0.000203481 0.0163091 0.00238907
0.000339417 0.0167065 0.00213752
0.00061118 0.0175009 0.00163463
-4.6773e-05 0.0126129 0.00264529
-0.0001703 0.0134456 0.00281214
-3.99617e-05 0.0138469 0.00255956
9.03422e-05 0.0142481 0.00230706
0.000220611 0.0146493 0.00205462
0.000350846 0.0150503 0.00180225
-2.64148e-05 0.0163013 0.00238907
0.000103405 0.0167007 0.00213752
0.000233191 0.0171 0.00188604
0.000362942 0.0174992 0.00163463
0.000492659 0.0178983 0.00138328
0.000622341 0.0182973 0.001132
0.000102003 0.0121759 0.00222446
-0.000288572 0.0134375 0.00281214
-0.000162158 0.0138401 0.00255956
-3.57783e-05 0.0142426 0.00230706
9.05682e-05 0.014645 0.00205462
-0.000298524 0.0158937 0.00264069
-0.000172577 0.0162945 0.00238907
-4.6663e-05 0.0166952 0.00213752
7.92176e-05 0.0170957 0.00188604
-0.000308403 0.0183318 0.0024705
-0.000182919 0.0187308 0.00221984
6.79507e-05 0.0195284 0.0017187
-0.000453933 0.0134243 0.00281214
-0.000333032 0.0138286 0.00255956
-0.000212163 0.0142328 0.00230706
-0.000617936 0.0154776 0.00289237
-0.000497444 0.0158802 0.00264069
-0.000376985 0.0162826 0.00238907
-0.000256557 0.016685 0.00213752
-0.000136161 0.0170872 0.00188604
-0.000540635 0.0183179 0.0024705
-0.000420613 0.0187185 0.00221984
-0.000300624 0.0191191 0.00196924
-0.000180666 0.0195195 0.0017187
-6.07393e-05 0.0199199 0.00146824
-0.000673949 0.0134032 0.00281214
-0.000560427 0.0138096 0.00255956
-0.000988477 0.0150484 0.00314412
-0.000875304 0.0154532 0.00289237
-0.00076216 0.0158579 0.00264069
-0.000649047 0.0162624 0.00238907
-0.000535963 0.0166669 0.00213752
-0.000962459 0.0178915 0.00272123
-0.000849721 0.0182944 0.0024705
-0.000737013 0.0186972 0.00221984
-0.000624335 0.0190998 0.00196924
-0.000511686 0.0195024 0.0017187
-0.000399068 0.0199048 0.00146824
-0.000286479 0.0203072 0.00121784
-0.00123899 0.0146253 0.00339593
-0.00112997 0.0150313 0.00314412
-0.00102098 0.0154372 0.00289237
-0.000912018 0.0158431 0.00264069
-0.000803086 0.0162488 0.00238907
-0.000694182 0.0166544 0.00213752
-0.00113329 0.0178746 0.00272123
-0.00102472 0.0182786 0.0024705
-0.000916173 0.0186825 0.00221984
-0.000807656 0.0190863 0.00196924
-0.000699167 0.01949 0.0017187
-0.000590708 0.0198936 0.00146824
-0.000482277 0.0202971 0.00121784
-0.00137912 0.0146052 0.00339593
-0.00127439 0.0150123 0.00314412
-0.00116969 0.0154194 0.00289237
-0.00106501 0.0158264 0.00264069
-0.000960365 0.0162332 0.00238907
-0.00141204 0.0174502 0.00297203
-0.0013077 0.0178554 0.00272123
-0.00120339 0.0182606 0.0024705
-0.00109911 0.0186656 0.00221984
-0.000890637 0.0194753 0.0017187
-0.00078644 0.01988 0.00146824
-0.00068227 0.0202846 0.00121784
-0.00151566 0.0145841 0.00339593
-0.00141513 0.0149924 0.00314412
-0.00131462 0.0154005 0.00289237
-0.00121414 0.0158085 0.00264069
-0.00167804 0.0170223 0.00322289
-0.00157786 0.0174287 0.00297203
-0.0014777 0.017835 0.00272123
-0.00137757 0.0182411 0.0024705
-0.00127746 0.0186472 0.00221984
-0.00117738 0.0190532 0.00196924
-0.00163958 0.0202515 0.00255135
-0.000977305 0.0198648 0.00146824
-0.000877305 0.0202705 0.00121784
-0.00181969 0.0141391 0.00364781
-0.00172562 0.014549 0.00339593
-0.00163157 0.0149588 0.00314412
-0.00153755 0.0153684 0.00289237
-0.00144355 0.015778 0.00264069
-0.00192665 0.0169842 0.00322289
-0.00183292 0.0173922 0.00297203
-0.00173922 0.0178 0.00272123
-0.00164554 0.0182077 0.0024705
-0.00155189 0.0186153 0.00221984
-0.00127108 0.0198375 0.00146824
-0.00117753 0.0202447 0.00121784
-0.00203119 0.0140974 0.00364781
-0.00194391 0.0145088 0.00339593
-0.00185665 0.0149201 0.00314412
-0.00176941 0.0153312 0.00289237
-0.0016822 0.0157423 0.00264069
-0.00218517 0.0169404 0.00322289
-0.00209821 0.0173498 0.00297203
-0.00201126 0.0177591 0.00272123
-0.00175056 0.0189865 0.00196924
-0.00166371 0.0193954 0.0017187
-0.00157688 0.0198041 0.00146824
-0.00149007 0.0202128 0.00121784
-0.00228048 0.0140436 0.00364781
-0.00220126 0.0144566 0.00339593
-0.00212206 0.0148695 0.00314412
-0.00204289 0.0152823 0.00289237
-0.00249005 0.016883 0.00322289
-0.00241111 0.017294 0.00297203
-0.00233219 0.017705 0.00272123
-0.00241599 0.0140122 0.00364781
-0.00234118 0.014426 0.00339593
-0.0022664 0.0148397 0.00314412
-0.00219163 0.0152533 0.00289237
-0.00273042 0.0164372 0.00347382
-0.00265585 0.0168492 0.00322289
-0.0025813 0.0172611 0.00297203
-0.00250677 0.0176728 0.00272123
-0.00213441 0.01973 0.00146824
-0.00206 0.0201411 0.00121784
-0.00258511 0.0139708 0.00364781
-0.00251584 0.0143856 0.00339593
-0.00244658 0.0148003 0.00314412
-0.00237735 0.0152149 0.00289237
-0.0029319 0.0163914 0.00347382
-0.00286284 0.0168044 0.00322289
-0.00279379 0.0172172 0.00297203
-0.0025178 0.0188675 0.00196924
-0.00244885 0.0192798 0.0017187
-0.00237991 0.0196919 0.00146824
-0.002311 0.020104 0.00121784
-0.00273381 0.0139325 0.00364781
-0.00266943 0.0143481 0.00339593
-0.00323753 0.015521 0.00397588
-0.00285751 0.0155575 0.00330925
-0.0031091 0.0163488 0.00347382
-0.0030449 0.0167626 0.00322289
-0.00298073 0.0171762 0.00297203
-0.0027883 0.0184164 0.00221984
-0.0027242 0.0188296 0.00196924
-0.0026601 0.0192426 0.0017187
-0.00300637 0.0134569 0.00389976
-0.0029491 0.0138736 0.00364781
-0.00353709 0.0150382 0.00422701
-0.00347995 0.0154533 0.00397588
-0.00342281 0.0158683 0.00372482
-0.0033657 0.0162832 0.00347382
-0.0033086 0.016698 0.00322289
-0.00325152 0.0171126 0.00297203
-0.00319445 0.0175272 0.00272123
-0.00313739 0.0179416 0.0024705
-0.00308035 0.0183559 0.00221984
-0.00302333 0.0187702 0.00196924
-0.00293119 0.0138787 0.00364781
-0.00351752 0.0150441 0.00422701
-0.00281551 0.0147116 0.00314412
-0.00340206 0.015874 0.00372482
-0.00334435 0.0162888 0.00347382
-0.00328666 0.0167035 0.00322289
-0.00322898 0.0171181 0.00297203
-0.00317132 0.0175326 0.00272123
-0.00311368 0.0179469 0.0024705
-0.00305605 0.0183612 0.00221984
-0.00346696 0.0207444 0.00205184
-0.0034095 0.0211567 0.00180219
-0.00322532 0.0133897 0.00389976
-0.0031756 0.0138074 0.00364781
-0.0031259 0.014225 0.00339593
-0.00307621 0.0146425 0.00314412
-0.00368535 0.0157932 0.00372482
-0.00363575 0.016209 0.00347382
-0.00358617 0.0166248 0.00322289
-0.0035366 0.0170404 0.00297203
-0.00348704 0.0174559 0.00272123
-0.0034375 0.0178713 0.0024705
-0.00338797 0.0182866 0.00221984
-0.00394417 0.0198344 0.00255135
-0.00389475 0.0202479 0.00230156
-0.00384534 0.0206614 0.00205184
-0.00379595 0.0210747 0.00180219
-0.00374657 0.021488 0.0015526
-0.00421935 0.0128027 0.00548366
-0.00346312 0.0129077 0.00415178
-0.00342017 0.0133262 0.00389976
-0.00337722 0.0137447 0.00364781
-0.00333429 0.014163 0.00339593
-0.00396192 0.0153053 0.00397588
-0.00391906 0.015722 0.00372482
-0.00387621 0.0161386 0.00347382
-0.00383336 0.016555 0.00322289
-0.00379053 0.0169714 0.00297203
-0.00374771 0.0173877 0.00272123
-0.0037049 0.0178038 0.0024705
-0.00428603 0.019344 0.00280121
-0.00424331 0.0197584 0.00255135
-0.00420059 0.0201727 0.00230156
-0.00415789 0.0205869 0.00205184
-0.00411519 0.021001 0.00180219
-0.00407251 0.021415 0.0015526
-0.00402984 0.0218289 0.00130307
-0.00366347 0.0120254 0.00465601
-0.00362496 0.0124446 0.00440386
-0.00358646 0.0128637 0.00415178
-0.00354797 0.0132827 0.00389976
-0.00350949 0.0137016 0.00364781
-0.00347103 0.0141204 0.00339593
-0.00411082 0.0152558 0.00397588
-0.0040724 0.015673 0.00372482
-0.004034 0.01609 0.00347382
-0.00447801 0.0192909 0.00280121
-0.00443971 0.0197057 0.00255135
-0.00440142 0.0201205 0.00230156
-0.00436313 0.0205351 0.00205184
-0.00432486 0.0209496 0.00180219
-0.0042866 0.0213641 0.0015526
-0.00424835 0.0217784 0.00130307
-0.00380054 0.0115643 0.00490823
-0.0036971 0.012823 0.00415178
-0.00366264 0.0132423 0.00389976
-0.00431326 0.0143747 0.00447821
-0.00427884 0.0147924 0.00422701
-0.00424443 0.01521 0.00397588
-0.00421002 0.0156275 0.00372482
-0.00417562 0.0160448 0.00347382
-0.00414124 0.0164621 0.00322289
-0.00410686 0.0168793 0.00297203
-0.00407249 0.0172963 0.00272123
-0.0046847 0.018826 0.00305113
-0.00465037 0.0192413 0.00280121
-0.00461606 0.0196565 0.00255135
-0.00458175 0.0200716 0.00230156
-0.00447889 0.0213162 0.0015526
-0.00444462 0.0217309 0.00130307
-0.00441036 0.0221454 0.00105361
-0.00402567 0.0114646 0.00490823
-0.00400046 0.011885 0.00465601
-0.00397527 0.0123052 0.00440386
-0.00465077 0.0134259 0.0049808
-0.00392489 0.0131453 0.00389976
-0.00460038 0.014263 0.00447821
-0.00387454 0.013985 0.00339593
-0.00444937 0.0167715 0.00297203
-0.00509524 0.0182889 0.00330111
-0.0050701 0.018705 0.00305113
-0.00504496 0.019121 0.00280121
-0.00501983 0.0195368 0.00255135
-0.00499471 0.0199526 0.00230156
-0.00491937 0.0211992 0.0015526
-0.00489428 0.0216145 0.00130307
-0.00486919 0.0220297 0.00105361
-0.00487566 0.0120949 0.00573519
-0.00414586 0.0118205 0.00465601
-0.00412647 0.012241 0.00440386
-0.00410709 0.0126614 0.00415178
-0.00408771 0.0130817 0.00389976
-0.00404897 0.013922 0.00339593
-0.00473977 0.0150272 0.00397588
-0.00472038 0.0154457 0.00372482
-0.00470099 0.015864 0.00347382
-0.00468161 0.0162822 0.00322289
-0.00466224 0.0167004 0.00297203
-0.00464287 0.0171184 0.00272123
-0.005329 0.0182087 0.00330111
-0.00530961 0.0186251 0.00305113
-0.00529022 0.0190414 0.00280121
-0.00527084 0.0194575 0.00255135
-0.00504435 0.0128338 0.0052322
-0.00465988 0.0133346 0.00431528
-0.00428621 0.0134162 0.00364781
-0.00427439 0.0138366 0.00339593
-0.00426258 0.0142569 0.00314412
-0.00497307 0.0153479 0.00372482
-0.0049612 0.0157665 0.00347382
-0.00494933 0.016185 0.00322289
-0.00493747 0.0166034 0.00297203
-0.00492561 0.0170217 0.00272123
-0.0056074 0.0189328 0.00280121
-0.00559549 0.0193492 0.00255135
-0.00558359 0.0197656 0.00230156
-0.0052393 0.0114855 0.00598679
-0.00523395 0.0119052 0.00573519
-0.00521792 0.0131638 0.0049808
-0.00447957 0.0129179 0.00389976
-0.00447431 0.0133385 0.00364781
-0.00446906 0.013759 0.00339593
-0.00519657 0.0148404 0.00397588
-0.00519124 0.0152593 0.00372482
-0.00518591 0.015678 0.00347382
-0.00518057 0.0160967 0.00322289
-0.00517524 0.0165152 0.00297203
-0.00516992 0.0169336 0.00272123
-0.00588146 0.0188338 0.00280121
-0.00587606 0.0192504 0.00255135
-0.00542946 0.0113738 0.00598679
-0.00543202 0.0117936 0.00573519
-0.00468885 0.0115577 0.00465601
-0.00469418 0.0123996 0.00415178
-0.00469684 0.0128203 0.00389976
-0.0046995 0.013241 0.00364781
-0.00470216 0.0136615 0.00339593
-0.00545246 0.0151479 0.00372482
-0.00545501 0.0155666 0.00347382
-0.00545756 0.0159853 0.00322289
-0.00546011 0.0164039 0.00297203
-0.00546266 0.0168223 0.00272123
-0.00620984 0.0187088 0.00280121
-0.00621229 0.0191254 0.00255135
-0.00484791 0.0106211 0.00516051
-0.00485799 0.0110422 0.00490823
-0.00486806 0.0114631 0.00465601
-0.00487813 0.011884 0.00440386
-0.0048882 0.0123048 0.00415178
-0.00489827 0.0127254 0.00389976
-0.00490833 0.0131459 0.00364781
-0.0049184 0.0135663 0.00339593
-0.00568481 0.0146205 0.00397588
-0.00569473 0.0150393 0.00372482
-0.00570466 0.015458 0.00347382
-0.00571457 0.0158765 0.00322289
-0.00572449 0.016295 0.00297203
-0.0057344 0.0167133 0.00272123
-0.00652445 0.0190028 0.00255135
-0.00655376 0.0202517 0.00180219
-0.00656352 0.0206677 0.0015526
-0.00657328 0.0210837 0.00130307
-0.00658304 0.0214995 0.00105361
-0.00499966 0.0105305 0.00516051
-0.00501665 0.0109514 0.00490823
-0.00503363 0.0113721 0.00465601
-0.00505061 0.0117928 0.00440386
-0.00506758 0.0122133 0.00415178
-0.00508455 0.0126337 0.00389976
-0.00510151 0.013054 0.00364781
-0.00511847 0.0134742 0.00339593
-0.00590208 0.0145156 0.00397588
-0.00591888 0.0149342 0.00372482
-0.00593567 0.0153527 0.00347382
-0.00596924 0.0161892 0.00297203
-0.00598601 0.0166074 0.00272123
-0.00603632 0.0178611 0.00196924
-0.00681353 0.0188836 0.00255135
-0.00687991 0.0205477 0.0015526
-0.0068965 0.0209634 0.00130307
-0.0058646 0.0110997 0.00598679
-0.00511163 0.0108953 0.00490823
-0.00513278 0.0113159 0.00465601
-0.00515392 0.0117363 0.00440386
-0.00517505 0.0121567 0.00415178
-0.00519618 0.0125769 0.00389976
-0.00521731 0.012997 0.00364781
-0.00601136 0.0140322 0.00422701
-0.00603231 0.0144507 0.00397588
-0.00605324 0.0148691 0.00372482
-0.00607418 0.0152873 0.00347382
-0.00613694 0.0165415 0.00272123
-0.00696622 0.0183933 0.00280121
-0.00698695 0.0188094 0.00255135
-0.0070491 0.020057 0.00180219
-0.0070698 0.0204727 0.0015526
-0.0070905 0.0208883 0.00130307
-0.00711119 0.0213037 0.00105361
-0.00520215 0.0104043 0.00516051
-0.00522845 0.0108247 0.00490823
-0.00525475 0.0112449 0.00465601
-0.00608831 0.012695 0.0049808
-0.00533361 0.0125051 0.00389976
-0.00538614 0.0133446 0.00339593
-0.0062187 0.0147865 0.00372482
-0.00624476 0.0152045 0.00347382
-0.00629685 0.0160402 0.00297203
-0.00632289 0.0164578 0.00272123
-0.00722644 0.0191309 0.00230156
-0.00732965 0.0207926 0.00130307
-0.00534971 0.0103083 0.00516051
-0.00538289 0.0107282 0.00490823
-0.00541605 0.011148 0.00465601
-0.00548236 0.0119872 0.00415178
-0.0055155 0.0124067 0.00389976
-0.00554863 0.012826 0.00364781
-0.00558175 0.0132453 0.00339593
-0.00748377 0.0185854 0.00255135
-0.00767931 0.0210751 0.00105361
-0.00541897 0.00981661 0.00541287
-0.0054572 0.0102362 0.00516051
-0.00549541 0.0106557 0.00490823
-0.00553362 0.011075 0.00465601
-0.00557182 0.0114943 0.00440386
-0.00561001 0.0119134 0.00415178
-0.00564818 0.0123324 0.00389976
-0.00568635 0.0127514 0.00364781
-0.00572451 0.0131702 0.00339593
-0.00659762 0.0145879 0.00372482
-0.00663552 0.0150049 0.00347382
-0.00667341 0.0154219 0.00322289
-0.00772817 0.0189019 0.00230156
-0.00551953 0.00974444 0.00541287
-0.00556275 0.0101635 0.00516051
-0.00560596 0.0105825 0.00490823
-0.00564915 0.0110014 0.00465601
-0.00569234 0.0114202 0.00440386
-0.00573551 0.0118388 0.00415178
-0.00577867 0.0122574 0.00389976
-0.00582182 0.0126758 0.00364781
-0.00586496 0.0130941 0.00339593
-0.00675488 0.0145013 0.00372482
-0.00679774 0.0149179 0.00347382
-0.00684059 0.0153344 0.00322289
-0.00789414 0.0183872 0.00255135
-0.00793667 0.0188016 0.00230156
-0.00568472 0.0096219 0.00541287
-0.00573622 0.0100401 0.00516051
-0.0057877 0.0104581 0.00490823
-0.00583917 0.0108761 0.00465601
-0.00589062 0.0112939 0.00440386
-0.00594206 0.0117116 0.00415178
-0.00599349 0.0121292 0.00389976
-0.0060449 0.0125467 0.00364781
-0.0060963 0.0129641 0.00339593
-0.00706496 0.0147691 0.00347382
-0.00711604 0.0151847 0.00322289
-0.00586085 0.00994809 0.00516051
-0.00591834 0.0103654 0.00490823
-0.00603327 0.0111996 0.00440386
-0.00609071 0.0116165 0.00415178
-0.00614814 0.0120333 0.00389976
-0.00620556 0.01245 0.00364781
-0.00632034 0.0132831 0.00314412
-0.00725747 0.0146575 0.00347382
-0.00731452 0.0150723 0.00322289
-0.00754255 0.0167303 0.00221984
-0.00667285 0.0091105 0.00674197
-0.00673847 0.00952547 0.00649018
-0.00680408 0.00994032 0.00623845
-0.0060992 0.0102322 0.00490823
-0.00616507 0.0106481 0.00465601
-0.00623093 0.0110639 0.00440386
-0.00629677 0.0114796 0.00415178
-0.00636259 0.0118952 0.00389976
-0.00642839 0.0123107 0.00364781
-0.00758999 0.0149101 0.00322289
-0.00765538 0.0153235 0.00297203
-0.00772074 0.0157368 0.00272123
-0.00679211 0.00947715 0.00649018
-0.00686044 0.00989157 0.00623845
-0.00692875 0.0103059 0.00598679
-0.00699704 0.0107201 0.00573519
-0.00622609 0.0106035 0.00465601
-0.00629468 0.0110189 0.00440386
-0.00636324 0.0114342 0.00415178
-0.00643179 0.0118493 0.00389976
-0.00650032 0.0122643 0.00364781
-0.00663732 0.0130941 0.00314412
-0.00905161 0.0186609 0.00205184
-0.00678782 0.00900149 0.00674197
-0.00685961 0.00941544 0.00649018
-0.00693138 0.00982927 0.00623845
-0.00630298 0.0105465 0.00465601
-0.00644703 0.0113759 0.00415178
-0.00651903 0.0117905 0.00389976
-0.006591 0.0122049 0.00364781
-0.00666296 0.0126193 0.00339593
-0.00694922 0.00884284 0.00674197
-0.0070298 0.00925516 0.00649018
-0.00711035 0.00966738 0.00623845
-0.00719088 0.0100795 0.00598679
-0.00665898 0.011224 0.00415178
-0.00673977 0.0116369 0.00389976
-0.00682054 0.0120497 0.00364781
-0.00690128 0.0124625 0.00339593
-0.00839626 0.016248 0.00221984
-0.00855662 0.0170686 0.0017187
-0.00710276 0.00868545 0.00674197
-0.00719183 0.00909603 0.00649018
-0.00728087 0.00950649 0.00623845
-0.0065043 0.00942629 0.00516051
-0.0065937 0.0098379 0.00490823
-0.00668307 0.0102494 0.00465601
-0.00686174 0.0110721 0.00415178
-0.00695104 0.0114833 0.00389976
-0.00704032 0.0118943 0.00364781
-0.00712957 0.0123053 0.00339593
-0.0072188 0.0127161 0.00314412
-0.00870239 0.0160592 0.00221984
-0.00887966 0.0168763 0.0017187
-0.00896825 0.0172847 0.00146824
-0.00905683 0.017693 0.00121784
-0.00703863 0.00824732 0.00699384
-0.00669561 0.0084123 0.00633052
-0.00721975 0.00906793 0.00649018
-0.00731027 0.00947807 0.00623845
-0.00653342 0.00940066 0.00516051
-0.0066243 0.00981195 0.00490823
-0.00689678 0.0110452 0.00415178
-0.00698756 0.011456 0.00389976
-0.00707832 0.0118668 0.00364781
-0.00716905 0.0122774 0.00339593
-0.00725357 0.00852433 0.00674197
-0.00735113 0.00893297 0.00649018
-0.00744866 0.0093415 0.00623845
-0.00667059 0.0092774 0.00516051
-0.0067685 0.00968708 0.00490823
-0.00696424 0.0105061 0.00440386
-0.00706206 0.0109154 0.00415178
-0.00715987 0.0113247 0.00389976
-0.00725764 0.0117338 0.00364781
-0.00735539 0.0121428 0.00339593
-0.00745312 0.0125517 0.00314412
-0.00842257 0.0134209 0.00372482
-0.00645479 0.00796576 0.00591777
-0.00655756 0.00837458 0.00566528
-0.00754179 0.00924691 0.00623845
-0.00676302 0.00919191 0.00516051
-0.0072762 0.0112333 0.00389976
-0.00737875 0.0116413 0.00364781
-0.00835923 0.0125019 0.00422701
-0.00758377 0.0124569 0.00314412
-0.00927678 0.0161556 0.00196924
-0.00720257 0.00752959 0.00724576
-0.00730952 0.0079361 0.00699384
-0.00741645 0.0083425 0.00674197
-0.00752335 0.0087488 0.00649018
-0.00763022 0.00915499 0.00623845
-0.00773707 0.00956107 0.00598679
-0.00695816 0.00951607 0.00490823
-0.00706541 0.00992328 0.00465601
-0.00727981 0.0107374 0.00415178
-0.00738697 0.0111443 0.00389976
-0.0074941 0.0115511 0.00364781
-0.0076012 0.0119577 0.00339593
-0.00734388 0.00734759 0.00724576
-0.00746021 0.00775152 0.00699384
-0.0075765 0.00815534 0.00674197
-0.00769277 0.00855906 0.00649018
-0.00780901 0.00896267 0.00623845
-0.00792522 0.00936617 0.00598679
-0.00714548 0.00933919 0.00490823
-0.00761182 0.010957 0.00389976
-0.00772833 0.0113612 0.00364781
-0.00739026 0.00728591 0.00724576
-0.00774853 0.00849463 0.00649018
-0.00786789 0.00889733 0.00623845
-0.00708751 0.00887517 0.00516051
-0.0072073 0.00927899 0.00490823
-0.00732706 0.0096827 0.00465601
-0.0074468 0.0100863 0.00440386
-0.00852295 0.0137139 0.00213752
-0.00738034 0.00672426 0.00749776
-0.00750787 0.00712491 0.00724576
-0.00763537 0.00752545 0.00699384
-0.00789026 0.00832623 0.00649018
-0.00801765 0.00872645 0.00623845
-0.00749265 0.00952248 0.00465601
-0.00762043 0.00992361 0.00440386
-0.00801609 0.00636399 0.00881752
-0.00736358 0.00674896 0.00749776
-0.00748986 0.00715 0.00724576
-0.00786852 0.0083525 0.00649018
-0.00708738 0.00834232 0.00541287
-0.00721403 0.00874416 0.00516051
-0.00746721 0.00954752 0.00465601
-0.0088573 0.0139584 0.00188604
-0.00767411 0.00688515 0.00724576
-0.0080915 0.00807476 0.00649018
-0.00786856 0.00967935 0.00440386
-0.00815077 0.00799773 0.00649018
-0.00879909 0.0119778 0.00289237
-0.00894181 0.012373 0.00264069
-0.00884872 0.0114056 0.00314412
-0.00729225 0.00493679 0.00825415
-0.00887583 0.0108395 0.00339593
-0.0081315 0.00474364 0.0093206
-0.00829515 0.00512989 0.00906903
-0.00800018 0.00426413 0.00957225
-0.00816806 0.00464869 0.0093206
-0.00829722 0.00864137 0.00465601
-0.00785509 0.00380277 0.00982395
-0.00802651 0.00418588 0.00957225
-0.00819787 0.00456889 0.0093206
-0.00787959 0.00371749 0.00982395
-0.00805486 0.00409885 0.00957225
-0.00815704 0.00608822 0.00724576
-0.00833266 0.00647013 0.00699384
-0.00836288 0.0100954 0.00255956
-0.00790655 0.00361967 0.00982395
-0.0080862 0.00399899 0.00957225
-0.00797448 0.00335077 0.00982395
-0.0081617 0.00533329 0.00749776
-0.00521181 -0.000418812 0.00895284
-0.00762587 0.00438954 0.00214126
-0.00694388 0.00480875 0.0010373
-0.00510398 -0.000743613 0.00895284
-0.00508043 0.000204707 0.00736997
-0.0063805 0.00215693 0.00476152
-0.0067118 0.00242258 0.00450751
-0.00702846 0.00461931 0.0010373
-0.00504849 -0.000890263 0.00895284
-0.00706842 0.00354084 0.00264994
-0.00707507 0.00450913 0.0010373
-0.00501257 -0.000979548 0.00895284
-0.00535023 -0.000724949 0.00869955
-0.00468989 -0.000286321 0.00762383
-0.00502859 -3.10706e-05 0.00736997
-0.00642237 0.00290685 0.00315888
-0.00678358 0.0041304 0.00129223
-0.00712457 0.004387 0.0010373
-0.00398948 -0.000845643 0.00813174
-0.00433104 -0.000593855 0.00787775
-0.00535518 0.000161106 0.00711618
-0.00681279 0.0040522 0.00129223
-0.00715649 0.00430518 0.0010373
-0.00355224 -0.00213324 0.00996669
-0.00532876 3.37108e-05 0.00711618
-0.00468114 0.000497452 0.0060326
-0.0050288 0.000742279 0.00577825
-0.00537637 0.000987041 0.00552397
-0.00607123 0.00147637 0.0050156
-0.00646931 0.00268128 0.00315888
-0.00686951 0.00389264 0.00129223
-0.00721855 0.00413818 0.0010373
-0.00825516 -0.000712297 0.00957225
-0.00860065 -0.000474179 0.0093206
-0.00537224 0.000921186 0.00552397
-0.00572239 0.00116203 0.00526975
-0.0061936 0.00332657 0.00180232
-0.00654552 0.00356838 0.00154724
-0.00689734 0.00381013 0.00129223
-0.00724906 0.00405182 0.0010373
-0.00502048 0.000667308 0.00577825
-0.00537128 0.000907411 0.00552397
-0.00572199 0.00114745 0.00526975
-0.0060726 0.00138743 0.0050156
-0.00543195 0.00186536 0.00392282
-0.00578363 0.00210595 0.00366811
-0.00584562 0.00306983 0.00205746
-0.00718942 0.00306763 0.00264994
-0.00655067 0.00355189 0.00154724
-0.00690304 0.00379283 0.00129223
-0.00725533 0.0040337 0.0010373
-0.00929528 0.00450823 0.00112473
-0.00986573 -0.000712698 0.00987878
-0.00925674 -0.000234493 0.00881752
-0.00960755 -4.89828e-06 0.00856608
-0.00607231 0.00124313 0.0050156
-0.00544214 0.00173482 0.00392282
-0.00579895 0.00196774 0.00366811
-0.00588178 0.00293005 0.00205746
-0.00623948 0.00316343 0.00180232
-0.00659709 0.00339675 0.00154724
-0.0069546 0.00363001 0.00129223
-0.00731201 0.0038632 0.0010373
-0.00900591 0.00406119 0.00137876
-0.00985546 -0.000764677 0.00987878
-0.00924885 -0.00028345 0.00881752
-0.0096008 -5.56026e-05 0.00856608
-0.00544409 0.0017048 0.00392282
-0.00580205 0.00193594 0.00366811
-0.00615991 0.00216702 0.00341346
-0.00588966 0.00289783 0.00205746
-0.00624852 0.00312943 0.00180232
-0.00696595 0.00359244 0.00129223
-0.00732451 0.00382386 0.0010373
-0.00901937 0.00401342 0.00137876
-0.00937637 0.00424394 0.00112473
-0.00981625 -0.000951649 0.00987878
-0.0058119 0.00182118 0.00366811
-0.00617385 0.00204581 0.00341346
-0.0065357 0.00227038 0.00315888
-0.00591674 0.00278135 0.00205746
-0.00677018 0.00286268 0.00222681
-0.00664254 0.00323155 0.00154724
-0.0070053 0.00345656 0.00129223
-0.00736796 0.00368151 0.0010373
-0.00870477 0.00361652 0.00163286
-0.00906594 0.00384067 0.00137876
-0.00942701 0.00406475 0.00112473
-0.00979089 -0.00106453 0.00987878
-0.0101481 -0.000847492 0.00962795
-0.009915 -0.00013085 0.0083147
-0.0102732 8.66614e-05 0.00806339
-0.00581686 0.00175161 0.00366811
-0.00618123 0.00197229 0.00341346
-0.0065455 0.00219292 0.00315888
-0.00593212 0.00271058 0.00205746
-0.00629749 0.00293176 0.00180232
-0.00666277 0.00315287 0.00154724
-0.00702794 0.00337393 0.00129223
-0.00872905 0.00351544 0.00163286
-0.00909263 0.00373565 0.00137876
-0.00945612 0.0039558 0.00112473
-0.00977032 -0.00115209 0.00987878
-0.0101293 -0.00093808 0.00962795
-0.0104883 -0.000724123 0.0093772
-0.00990231 -0.000219497 0.0083147
-0.00520879 0.0022191 0.00256795
-0.00557622 0.0024373 0.00231267
-0.00594355 0.00265544 0.00205746
-0.00631077 0.00287353 0.00180232
-0.00704493 0.00330953 0.00129223
-0.00741186 0.00352744 0.0010373
-0.00874717 0.00343667 0.00163286
-0.0091126 0.00365381 0.00137876
-0.00947793 0.00387088 0.00112473
-0.00973095 -0.00131115 0.00987878
-0.0100932 -0.00110268 0.00962795
-0.0104554 -0.000894262 0.0093772
-0.0108175 -0.000685902 0.0091265
-0.0102405 -0.000171767 0.00806339
-0.0106037 3.70999e-05 0.00781215
-0.00656404 0.00202265 0.00315888
-0.00596316 0.00255477 0.00205746
-0.0063337 0.00276718 0.00180232
-0.00670414 0.00297954 0.00154724
-0.00804072 0.00286965 0.00214126
-0.00840964 0.00308125 0.00188702
-0.00877846 0.0032928 0.00163286
-0.00914719 0.0035043 0.00137876
-0.00951581 0.00371573 0.00112473
-0.0108379 0.00360382 0.00171786
-0.011205 0.00381451 0.00146466
-0.00969141 -0.00146124 0.00987878
-0.0100567 -0.00125807 0.00962795
-0.0104218 -0.00105495 0.0093772
-0.0105837 -0.000125845 0.00781215
-0.0109497 7.76576e-05 0.00756098
-0.00560663 0.00225208 0.00231267
-0.00598032 0.00245913 0.00205746
-0.0067274 0.00287307 0.00154724
-0.00710079 0.00307995 0.00129223
-0.0084342 0.00294993 0.00188702
-0.00880607 0.00315609 0.00163286
-0.00917783 0.00336219 0.00137876
-0.0108698 0.00343708 0.00171786
-0.01124 0.00364241 0.00146466
-0.00968413 -0.00148796 0.00987878
-0.0100499 -0.00128574 0.00962795
-0.0104156 -0.00108357 0.0093772
-0.0107812 -0.000881452 0.0091265
-0.0102132 -0.000357491 0.00806339
-0.0105798 -0.000154887 0.00781215
-0.0109464 4.76636e-05 0.00756098
-0.00635736 0.00264807 0.00180232
-0.00673139 0.00285404 0.00154724
-0.00843838 0.00292647 0.00188702
-0.00881078 0.00313166 0.00163286
-0.00918308 0.00333679 0.00137876
-0.0105045 0.00320287 0.00197112
-0.0108752 0.00340728 0.00171786
-0.0112459 0.00361165 0.00146466
-0.00999353 -0.0015055 0.00962795
-0.0103633 -0.00131094 0.0093772
-0.010733 -0.00111644 0.0091265
-0.0111026 -0.000921982 0.00887588
-0.0105467 -0.00038586 0.00781215
-0.0109174 -0.00019094 0.00756098
-0.0103594 0.000348953 0.00649018
-0.0107312 0.000544341 0.00623845
-0.00638317 0.00250388 0.00180232
-0.00884608 0.00293659 0.00163286
-0.00922254 0.00313398 0.00137876
-0.0105409 0.00297274 0.00197112
-0.0109158 0.00316943 0.00171786
-0.0112906 0.00336608 0.00146466
-0.0116654 0.00356267 0.00121153
-0.0095856 -0.00182555 0.00987878
-0.00995787 -0.0016355 0.00962795
-0.01033 -0.00144551 0.0093772
-0.0107021 -0.00125556 0.0091265
-0.0110741 -0.00106567 0.00887588
-0.0114459 -0.000875823 0.00862532
-0.0108979 -0.000332403 0.00756098
-0.0112709 -0.000142107 0.00730987
-0.0107207 0.000405112 0.00623845
-0.00639709 0.00241798 0.00180232
-0.00677771 0.00261149 0.00154724
-0.0081071 0.00243473 0.00214126
-0.00848617 0.00262757 0.00188702
-0.00886513 0.00282037 0.00163286
-0.0101828 0.00264354 0.00222446
-0.0105602 0.00283566 0.00197112
-0.0109376 0.00302774 0.00171786
-0.0113148 0.00321976 0.00146466
-0.0116919 0.00341173 0.00121153
-0.0103068 -0.00153534 0.0093772
-0.0106804 -0.00134846 0.0091265
-0.011054 -0.00116164 0.00887588
-0.0105092 -0.000614217 0.00781215
-0.0108838 -0.000426948 0.00756098
-0.0112583 -0.000239728 0.00730987
-0.0107127 0.000312002 0.00623845
-0.00640582 0.00236038 0.00180232
-0.00849655 0.00255278 0.00188702
-0.00887709 0.00274245 0.00163286
-0.00925753 0.00293206 0.00137876
-0.0109512 0.00293275 0.00171786
-0.0113299 0.00312166 0.00146466
-0.0117086 0.00331052 0.00121153
-0.0102636 -0.00169501 0.0093772
-0.0106399 -0.00151364 0.0091265
-0.0110162 -0.00133231 0.00887588
-0.0113923 -0.00115103 0.00862532
-0.0108568 -0.000595205 0.00756098
-0.011234 -0.0004135 0.00730987
-0.0116112 -0.000231844 0.00705882
-0.0064202 0.00225754 0.00180232
-0.00680515 0.00244229 0.00154724
-0.00813014 0.00223512 0.00214126
-0.0102101 0.00239634 0.00222446
-0.0105918 0.00257976 0.00197112
-0.0117364 0.00312976 0.00121153
-0.00979955 -0.00215021 0.00962795
-0.0101806 -0.00197872 0.0093772
-0.0111843 -0.000723094 0.00730987
-0.0110446 2.26336e-05 0.00598679
-0.00776272 0.00183196 0.00239556
-0.00815091 0.002006 0.00214126
-0.00853899 0.00218 0.00188702
-0.00984785 0.00193922 0.00247786
-0.0102344 0.00211263 0.00222446
-0.0106208 0.00228598 0.00197112
-0.0113933 0.00263256 0.00146466
-0.0117794 0.00280577 0.00121153
-0.0101466 -0.00208759 0.0093772
-0.0105292 -0.00192001 0.0091265
-0.0109118 -0.00175247 0.00887588
-0.0112943 -0.00158498 0.00862532
-0.0107793 -0.00101006 0.00756098
-0.00815731 0.00191747 0.00214126
-0.00854713 0.00208753 0.00188702
-0.0106299 0.00217244 0.00197112
-0.0110179 0.00234183 0.00171786
-0.0114059 0.00251118 0.00146466
-0.0117937 0.00268048 0.00121153
-0.0104782 -0.00208985 0.0091265
-0.0112483 -0.00176657 0.00862532
-0.0107422 -0.00118384 0.00756098
-0.0119002 -0.000698003 0.00680784
-0.00816529 0.00178347 0.00214126
-0.00855767 0.00194754 0.00188702
-0.00985999 0.00167357 0.00247786
-0.0102508 0.0018371 0.00222446
-0.0110321 0.00216401 0.00171786
-0.0114225 0.0023274 0.00146466
-0.0112169 -0.00188425 0.00862532
-0.0116034 -0.00172651 0.00837483
-0.0119897 -0.00156881 0.0081244
-0.0113799 -0.000229719 0.00573519
-0.0117685 -7.13051e-05 0.00548366
-0.00856337 0.00185645 0.00188702
-0.0106476 0.00188875 0.00197112
-0.0110398 0.00204829 0.00171786
-0.0114319 0.00220779 0.00146466
-0.0103917 -0.00235841 0.0091265
-0.0107806 -0.00220617 0.00887588
-0.0111694 -0.00205397 0.00862532
-0.0115581 -0.00190181 0.00837483
-0.0118472 -0.00100159 0.00680784
-0.0113562 -0.000401957 0.00573519
-0.0117471 -0.000249154 0.00548366
-0.0102599 0.00157291 0.00222446
-0.0106545 0.00172683 0.00197112
-0.0110489 0.00188071 0.00171786
-0.0114433 0.00203455 0.00146466
-0.0103478 -0.00248685 0.0091265
-0.0107384 -0.00233918 0.00887588
-0.011129 -0.00219154 0.00862532
-0.011036 -0.00144298 0.00730987
-0.011819 -0.00114717 0.00680784
-0.0117278 -0.000393614 0.00548366
-0.0102621 0.00144575 0.00222446
-0.0106584 0.00159503 0.00197112
-0.010307 -0.00260182 0.0091265
-0.0106992 -0.00245827 0.00887588
-0.0110913 -0.00231475 0.00862532
-0.0114833 -0.00217127 0.00837483
-0.0117923 -0.0012777 0.00680784
-0.0102627 0.00133146 0.00222446
-0.0106606 0.00147657 0.00197112
-0.0110583 0.00162164 0.00171786
-0.0117469 -0.00148474 0.00680784
-0.0102612 0.00114966 0.00222446
-0.0106615 0.00128809 0.00197112
-0.0113782 -0.00251545 0.00837483
-0.011774 -0.00238328 0.0081244
-0.0121095 -0.00149867 0.00655693
-0.0116509 -0.000874534 0.00548366
-0.0120489 -0.000741833 0.0052322
-0.0102583 0.00102077 0.00222446
-0.0106602 0.00115444 0.00197112
-0.0120984 -0.00249618 0.00787404
-0.0120067 -0.00098482 0.0052322
-0.0120186 -0.0018799 0.00655693
-0.0108398 -0.00387323 0.00993321
-0.0116096 -0.0028926 0.0081244
-0.0106433 0.000688229 0.00197112
-0.0107702 -0.00402352 0.00993321
-0.0119362 -0.00218815 0.00655693
-0.0102253 0.000428612 0.00222446
-0.0110423 0.000651628 0.00171786
-0.0107048 -0.0041603 0.00993321
-0.0114991 -0.00319941 0.0081244
-0.0110458 -0.000260899 0.00306478
-0.0106518 -0.00426822 0.00993321
-0.0106456 -0.00351826 0.00862532
-0.0122613 -0.0015973 0.0049808
-0.0118517 -0.0009356 0.00389976
-0.0114396 -0.000269864 0.00281214
-0.0109813 -0.00358284 0.00837483
-0.0118098 -0.00187718 0.0052322
-0.011818 -0.00111355 0.00389976
-0.0114154 -0.000441985 0.00281214
-0.0105104 -0.00454377 0.00993321
-0.0121681 -0.00267258 0.00630609
-0.0117921 -0.00124174 0.00389976
-0.0113965 -0.000566043 0.00281214
-0.0103865 -0.00477224 0.00993321
-0.0120825 -0.00293575 0.00630609
-0.0117362 -0.00149743 0.00389976
-0.0113547 -0.000813695 0.00281214
-0.0103235 -0.00488436 0.00993321
-0.0115883 -0.00389827 0.00787404
-0.0120382 -0.00306533 0.00630609
-0.0117066 -0.00162354 0.00389976
-0.0113322 -0.000935942 0.00281214
-0.0117466 -0.000856462 0.00255956
-0.0115712 -0.00329543 0.00655693
-0.0119828 -0.00322145 0.00630609
-0.0113032 -0.00108348 0.00281214
-0.0117186 -0.00100914 0.00255956
-0.0113517 -0.000312585 0.00146466
-0.0101726 -0.00514236 0.00993321
-0.0115176 -0.00343392 0.00655693
-0.0119301 -0.00336464 0.00630609
-0.0120478 -0.00184589 0.00364781
-0.0116911 -0.00114945 0.00255956
-0.0121072 -0.00107987 0.00230706
-0.0116557 -0.0013187 0.00255956
-0.0120727 -0.00125487 0.00230706
-0.0113451 -0.00443209 0.00787404
-0.0112203 -0.00146134 0.00281214
-0.0116378 -0.00140027 0.00255956
-0.0120552 -0.00133922 0.00230706
-0.0103057 -0.00553487 0.00968327
-0.011904 -0.00237158 0.00364781
-0.0115768 -0.00166084 0.00255956
-0.0112475 -0.000945761 0.00146466
-0.0106062 -0.00566617 0.00943339
-0.0110198 -0.00562101 0.00918357
-0.0115265 -0.00185851 0.00255956
-0.0119459 -0.0018132 0.00230706
-0.0123652 -0.00176791 0.00205462
-0.0127844 -0.00172262 0.00180225
-0.00968736 -0.00588852 0.00993321
-0.0105159 -0.00580874 0.00943339
-0.0119826 -0.00419981 0.00605531
-0.0116785 -0.00348858 0.0049808
-0.0120959 -0.00344867 0.00472947
-0.0117913 -0.00273309 0.00364781
-0.0114848 -0.00201315 0.00255956
-0.0119047 -0.0019732 0.00230706
-0.0123246 -0.00193327 0.00205462
-0.010399 -0.00598751 0.00943339
-0.0105195 -0.0052469 0.0081244
-0.0118497 -0.00217494 0.00230706
-0.0122701 -0.00214181 0.00205462
-0.0126904 -0.00210867 0.00180225
-0.0103276 -0.00609368 0.00943339
-0.0118152 -0.00229534 0.00230706
-0.0122359 -0.00226628 0.00205462
-0.0117364 -0.00472914 0.00605531
-0.0117532 -0.00250123 0.00230706
-0.0121743 -0.00247917 0.00205462
-0.00969548 -0.0064198 0.00968327
-0.0101112 -0.0064025 0.00943339
-0.01026 -0.00566703 0.0081244
-0.0117066 -0.00264818 0.00230706
-0.012128 -0.00263114 0.00205462
-0.0125493 -0.0026141 0.00180225
-0.0100182 -0.00652978 0.00943339
-0.010434 -0.00651745 0.00918357
-0.0119151 -0.00353339 0.00339593
-0.0116583 -0.00279477 0.00230706
-0.0120798 -0.00278276 0.00205462
-0.0125013 -0.00277076 0.00180225
-0.0103156 -0.00668124 0.00918357
-0.0107315 -0.00667512 0.00893383
-0.0106558 -0.00521475 0.00655693
-0.0114206 -0.00372543 0.00364781
-0.0118411 -0.00371963 0.00339593
-0.0115953 -0.00297726 0.00230706
-0.012017 -0.00297154 0.00205462
-0.00972871 -0.00690638 0.00943339
-0.0101447 -0.00690901 0.00918357
-0.0111222 -0.0047171 0.0049808
-0.0115415 -0.00472005 0.00472947
-0.0117321 -0.00398014 0.00339593
-0.0121525 -0.00398319 0.00314412
-0.0119238 -0.00323592 0.00205462
-0.0123454 -0.00323908 0.00180225
-0.0102579 -0.00628495 0.00787404
-0.0116812 -0.00409689 0.00339593
-0.0121015 -0.00410393 0.00314412
-0.0118799 -0.00335452 0.00205462
-0.0123015 -0.00336168 0.00180225
-0.0091459 -0.00710032 0.00968327
-0.00956188 -0.00711127 0.00943339
-0.00997776 -0.00712223 0.00918357
-0.0105942 -0.00640975 0.00762374
-0.0116319 -0.00570454 0.0058046
-0.0114181 -0.00496165 0.00472947
-0.0118372 -0.00497298 0.00447821
-0.0120437 -0.00423716 0.00314412
-0.0118299 -0.00348547 0.00205462
-0.0101997 -0.00737912 0.00893383
-0.0108331 -0.00668089 0.00737351
-0.0114699 -0.00597881 0.0058046
-0.011273 -0.00523128 0.00472947
-0.0116917 -0.00525207 0.00447821
-0.0114949 -0.00450015 0.00339593
-0.0119148 -0.0045211 0.00314412
-0.0121392 -0.00378588 0.00180225
-0.00970033 -0.0074581 0.00918357
-0.0101155 -0.00748243 0.00893383
-0.0103393 -0.00676583 0.00762374
-0.0107556 -0.00679031 0.00737351
-0.0105644 -0.00604509 0.00630609
-0.0109819 -0.00606974 0.00605531
-0.0116686 -0.00388283 0.00205462
-0.0120895 -0.00390798 0.00180225
-0.0113058 -0.00624323 0.0058046
-0.0120232 -0.00406559 0.00180225
-0.0124437 -0.00409598 0.00154995
-0.00993122 -0.00770182 0.00893383
-0.0103457 -0.0077347 0.00868414
-0.0115583 -0.00413507 0.00205462
-0.0119786 -0.00416891 0.00180225
-0.00894872 -0.00779891 0.00943339
-0.0101907 -0.00791864 0.00868414
-0.0106045 -0.00795853 0.00843453
-0.0113676 -0.00582445 0.00447821
-0.0117847 -0.00586496 0.00422701
-0.0116249 -0.00510482 0.00314412
-0.0114641 -0.00434005 0.00205462
-0.0118837 -0.004381 0.00180225
-0.0123032 -0.00442194 0.00154995
-0.0103058 -0.00738493 0.00737351
-0.0109856 -0.00672437 0.0058046
-0.0114009 -0.00677125 0.00555395
-0.0116692 -0.00606015 0.00422701
-0.0117917 -0.00457795 0.00180225
-0.0122105 -0.00462553 0.00154995
-0.00910337 -0.00811289 0.00918357
-0.0099287 -0.00821575 0.00868414
-0.0102001 -0.00751557 0.00737351
-0.0106137 -0.00756722 0.00712335
-0.0107475 -0.00610304 0.00472947
-0.0111635 -0.00615518 0.00447821
-0.0115794 -0.0062073 0.00422701
-0.0114408 -0.005443 0.00314412
-0.0113013 -0.00467405 0.00205462
-0.0117196 -0.00472668 0.00180225
-0.0121379 -0.0047793 0.00154995
-0.00955153 -0.00812643 0.00893383
-0.00996433 -0.00817631 0.00868414
-0.0109184 -0.00682022 0.0058046
-0.0113333 -0.00687055 0.00555395
-0.0111914 -0.00611114 0.00447821
-0.0113237 -0.0046295 0.00205462
-0.00935369 -0.00920868 0.00998727
-0.0092329 -0.00845721 0.00893383
-0.00964383 -0.00852073 0.00868414
-0.00952357 -0.00776503 0.00762374
-0.00993564 -0.00782882 0.00737351
-0.0115365 -0.00508577 0.00180225
-0.011953 -0.00515065 0.00154995
-0.00874227 -0.00847015 0.00918357
-0.00915277 -0.00853703 0.00893383
-0.010272 -0.00798153 0.00712335
-0.0101598 -0.00722091 0.00605531
-0.0105723 -0.00728833 0.0058046
-0.0114838 -0.00518449 0.00180225
-0.0118997 -0.00525276 0.00154995
-0.00988443 -0.00876402 0.00843453
-0.0111138 -0.00599389 0.00314412
-0.0115279 -0.00606554 0.00289237
-0.011942 -0.00613718 0.00264069
-0.0084741 -0.00871886 0.00918357
-0.00888265 -0.00879682 0.00893383
-0.0110679 -0.00697697 0.00422701
-0.0114794 -0.00705579 0.00397588
-0.0113916 -0.00628448 0.00289237
-0.0113034 -0.00550848 0.00180225
-0.0117173 -0.00558797 0.00154995
-0.00870945 -0.00895621 0.00893383
-0.0091165 -0.00904106 0.00868414
-0.00944398 -0.0083653 0.00737351
-0.0105917 -0.00785662 0.00555395
-0.0110007 -0.00794207 0.00530337
-0.0115982 -0.00579592 0.00154995
-0.0120106 -0.0058824 0.00129771
-0.009036 -0.00993687 0.00973819
-0.00930379 -0.00850842 0.00737351
-0.0097106 -0.00859943 0.00712335
-0.0101173 -0.00869042 0.00687325
-0.0105239 -0.00878139 0.00662322
-0.0104587 -0.00801626 0.00555395
-0.0115573 -0.00674823 0.00264069
-0.0114946 -0.00597022 0.00154995
-0.0119058 -0.00606261 0.00129771
-0.00921295 -0.00941773 0.00843453
-0.00938682 -0.00908546 0.00777988
-0.0107242 -0.00827769 0.00530337
-0.0113843 -0.00614995 0.00154995
-0.011794 -0.00624847 0.00129771
-0.0113741 -0.00701739 0.00264069
-0.0113288 -0.00623818 0.00154995
-0.0117377 -0.00633972 0.00129771
-0.00855613 -0.00953879 0.00868414
-0.00895804 -0.00964496 0.00843453
-0.0100917 -0.00843379 0.00555395
-0.0104956 -0.00854069 0.00530337
-0.0108994 -0.00864757 0.00505286
-0.0108659 -0.00787671 0.00397588
-0.0108321 -0.00710116 0.00289237
-0.0112382 -0.00720887 0.00264069
-0.00797333 -0.00957709 0.00893383
-0.00879994 -0.0105625 0.00948919
-0.00877359 -0.00980285 0.00843453
-0.00917357 -0.00991568 0.00818497
-0.00957344 -0.0100285 0.00793549
-0.00954935 -0.0092651 0.00687325
-0.0103294 -0.00872439 0.00530337
-0.0111137 -0.00818069 0.00372482
-0.0110941 -0.00740514 0.00264069
-0.0114798 -0.00673976 0.00129771
-0.00784737 -0.00967488 0.00893383
-0.00904364 -0.0100273 0.00818497
-0.00944219 -0.0101446 0.00793549
-0.00942688 -0.00938103 0.00687325
-0.00982653 -0.00949885 0.00662322
-0.0102261 -0.00961664 0.00637325
-0.0102131 -0.00884933 0.00530337
-0.0109929 -0.00753896 0.00264069
-0.0109822 -0.00675851 0.00154995
-0.0113863 -0.00687805 0.00129771
-0.00894126 -0.0101134 0.00818497
-0.00972886 -0.00959202 0.00662322
-0.0113146 -0.00776537 0.00238907
-0.0113121 -0.00698534 0.00129771
-0.00760672 -0.0106189 0.00998727
-0.00800172 -0.0107447 0.00973819
-0.009586 -0.00972533 0.00662322
-0.00998285 -0.00985187 0.00637325
-0.00998674 -0.00908446 0.00530337
-0.0103847 -0.00921145 0.00505286
-0.0103898 -0.00843988 0.00397588
-0.0107888 -0.00856732 0.00372482
-0.0111878 -0.00869473 0.00347382
-0.0111953 -0.00791945 0.00238907
-0.011203 -0.00713945 0.00129771
-0.00821103 -0.011005 0.00948919
-0.00822163 -0.0102449 0.00843453
-0.00861565 -0.0103771 0.00818497
-0.00900957 -0.0105092 0.00793549
-0.00902261 -0.00974552 0.00687325
-0.0094176 -0.00987809 0.00662322
-0.0098125 -0.0100106 0.00637325
-0.0102073 -0.0101431 0.00612335
-0.010224 -0.00937635 0.00505286
-0.0108457 -0.00841805 0.00305791
-0.00723995 -0.0108626 0.00998727
-0.00763095 -0.0110003 0.00973819
-0.00882785 -0.0106543 0.00793549
-0.0092196 -0.0107924 0.00768607
-0.00963829 -0.0101681 0.00637325
-0.010031 -0.0103066 0.00612335
-0.0105129 -0.0081334 0.00264069
-0.0109089 -0.00827339 0.00238907
-0.0113049 -0.00841335 0.00213752
-0.00703375 -0.0109927 0.00998727
-0.00742237 -0.0111369 0.00973819
-0.00987503 -0.00971788 0.00505286
-0.0103521 -0.00831893 0.00264069
-0.0107458 -0.00846557 0.00238907
-0.00700584 -0.0110099 0.00998727
-0.0106777 -0.00926517 0.00347382
-0.0107697 -0.00771254 0.00129771
-0.0111642 -0.00786059 0.00104554
-0.00711652 -0.0113284 0.00973819
-0.00750141 -0.0114821 0.00948919
-0.00755486 -0.0107238 0.00843453
-0.0079408 -0.0108779 0.00818497
-0.00832664 -0.011032 0.00793549
-0.00871238 -0.0111861 0.00768607
-0.010504 -0.00873877 0.00238907
-0.0108938 -0.00889491 0.00213752
-0.00661627 -0.0112416 0.00998727
-0.00699983 -0.0113988 0.00973819
-0.00943177 -0.0108268 0.00612335
-0.0094987 -0.0100628 0.00505286
-0.00988501 -0.0102214 0.00480241
-0.0104109 -0.00884038 0.00238907
-0.0107994 -0.0090001 0.00213752
-0.00955311 -0.0112032 0.00587352
-0.00963739 -0.0104413 0.00480241
-0.0101925 -0.00907179 0.00238907
-0.0106656 -0.00846516 0.00104554
-0.00626593 -0.0114362 0.00998727
-0.00702398 -0.0117716 0.00948919
-0.00786523 -0.0113523 0.00793549
-0.00909183 -0.0110994 0.00612335
-0.00947246 -0.0112681 0.00587352
-0.0105094 -0.00931122 0.00213752
-0.00606181 -0.0115438 0.00998727
-0.00643817 -0.0117176 0.00973819
-0.00681442 -0.0118913 0.00948919
-0.00719058 -0.012065 0.00924024
-0.00803932 -0.0116596 0.00768607
-0.00889272 -0.0112521 0.00612335
-0.010444 -0.00871428 0.00104554
-0.00662014 -0.0119983 0.00948919
-0.00919525 -0.0108116 0.00480241
-0.00957157 -0.0109924 0.00455203
-0.00968576 -0.0102303 0.00347382
-0.0100631 -0.0104117 0.00322289
-0.0101791 -0.00964555 0.00213752
-0.0102958 -0.00887478 0.00104554
-0.00566371 -0.011742 0.00998727
-0.00603455 -0.0119272 0.00973819
-0.0064053 -0.0121124 0.00948919
-0.00677595 -0.0122976 0.00924024
-0.00726517 -0.0117328 0.00793549
-0.0093725 -0.011154 0.00455203
-0.00987329 -0.0105812 0.00322289
-0.0100016 -0.00981708 0.00213752
-0.010377 -0.0100051 0.00188604
-0.00595751 -0.0119655 0.00973819
-0.00632717 -0.0121528 0.00948919
-0.00669675 -0.0123401 0.00924024
-0.00842741 -0.0115899 0.00612335
-0.00879868 -0.0117782 0.00587352
-0.00687722 -0.0119585 0.00793549
-0.00724315 -0.0121551 0.00768607
-0.00760898 -0.0123516 0.00743671
-0.0081195 -0.0117995 0.00612335
-0.00848622 -0.0119966 0.00587352
-0.00966885 -0.0101242 0.00213752
-0.0100386 -0.0103232 0.00188604
-0.00549011 -0.0121858 0.00973819
-0.00585302 -0.0123859 0.00948919
-0.00709132 -0.0122422 0.00768607
-0.00745492 -0.0124428 0.00743671
-0.0079716 -0.0118965 0.00612335
-0.00833609 -0.0120977 0.00587352
-0.00990711 -0.0104419 0.00188604
-0.0054067 -0.0122231 0.00973819
-0.00612995 -0.0126277 0.00924024
-0.00736989 -0.0124921 0.00743671
-0.00773215 -0.0126949 0.00718742
-0.00983436 -0.0105064 0.00188604
-0.006366 -0.012892 0.00899137
-0.0072474 -0.012562 0.00743671
-0.00760786 -0.012768 0.00718742
-0.00777223 -0.0120236 0.00612335
-0.00849498 -0.0124368 0.00562375
-0.00866247 -0.0116893 0.00455203
-0.00902478 -0.0118965 0.00430171
-0.00919436 -0.0111453 0.00322289
-0.00955764 -0.0113532 0.00297203
-0.00972933 -0.0105981 0.00188604
-0.00449123 -0.0122414 0.00998727
-0.00519742 -0.0126755 0.00948919
-0.00555037 -0.0128924 0.00924024
-0.00590324 -0.0131094 0.00899137
-0.00644112 -0.0125904 0.00768607
-0.00679484 -0.012808 0.00743671
-0.00769133 -0.012505 0.00587352
-0.00804581 -0.0127231 0.00562375
-0.00933888 -0.0109252 0.00188604
-0.00969622 -0.0111455 0.00163463
-0.00507447 -0.0127257 0.00948919
-0.00542551 -0.0129458 0.00924024
-0.00577646 -0.0131658 0.00899137
-0.00612732 -0.0133857 0.00874255
-0.00631888 -0.0126516 0.00768607
-0.00756979 -0.012577 0.00587352
-0.00792233 -0.0127983 0.00562375
-0.00923111 -0.0110118 0.00188604
-0.00958651 -0.0112352 0.00163463
-0.00994181 -0.0114585 0.00138328
-0.00456367 -0.0125659 0.00973819
-0.00491225 -0.0127901 0.00948919
-0.00720483 -0.0134041 0.0069382
-0.00740911 -0.0126701 0.00587352
-0.00775908 -0.0128954 0.00562375
-0.00433219 -0.0126497 0.00973819
-0.004677 -0.0128796 0.00948919
-0.00502171 -0.0131094 0.00924024
-0.00536633 -0.0133392 0.00899137
-0.00695906 -0.0135316 0.0069382
-0.00730424 -0.0137619 0.00668904
-0.00830867 -0.0117922 0.00322289
-0.00865671 -0.0120247 0.00297203
-0.00922916 -0.0115165 0.00163463
-0.00444342 -0.0129641 0.00948919
-0.00512513 -0.013435 0.00899137
-0.00705585 -0.0138894 0.00668904
-0.00785926 -0.0126704 0.00430171
-0.00820243 -0.0129077 0.00405146
-0.00843661 -0.0121745 0.00297203
-0.00901731 -0.0116758 0.00163463
-0.00936233 -0.0119147 0.00138328
-0.00428435 -0.0130192 0.00948919
-0.00496079 -0.0134976 0.00899137
-0.00746339 -0.0134904 0.00537404
-0.00770324 -0.0127634 0.00430171
-0.00804376 -0.0130046 0.00405146
-0.00828607 -0.012274 0.00297203
-0.00862749 -0.012516 0.00272123
-0.00887227 -0.0117818 0.00163463
-0.00921461 -0.0120245 0.00138328
-0.00440618 -0.013334 0.00924024
-0.00474078 -0.0135782 0.00899137
-0.00565343 -0.0133483 0.00743671
-0.00598873 -0.0135931 0.00718742
-0.00724321 -0.013608 0.00537404
-0.00558992 -0.0133752 0.00743671
-0.00592417 -0.0136214 0.00718742
-0.00625833 -0.0138676 0.0069382
-0.0065924 -0.0141137 0.00668904
-0.00684361 -0.0133949 0.00562375
-0.00717857 -0.0136418 0.00537404
-0.0089575 -0.0122096 0.00138328
-0.00382169 -0.0131683 0.00948919
-0.00481268 -0.013918 0.00874255
-0.00539892 -0.013454 0.00743671
-0.00572995 -0.0137046 0.00718742
-0.00606089 -0.0139551 0.0069382
-0.00639174 -0.0142055 0.00668904
-0.00665225 -0.01349 0.00562375
-0.00817874 -0.0128046 0.00272123
-0.00844694 -0.0120787 0.00163463
-0.00878131 -0.0123323 0.00138328
-0.00363784 -0.013223 0.00948919
-0.00527312 -0.014493 0.00824512
-0.00799914 -0.0129146 0.00272123
-0.00832932 -0.0131715 0.0024705
-0.00860765 -0.0124499 0.00138328
-0.0089387 -0.0127076 0.001132
-0.00408972 -0.0137954 0.00899137
-0.00598436 -0.0143824 0.00668904
-0.00748048 -0.0127672 0.00297203
-0.00780727 -0.0130286 0.00272123
-0.00842196 -0.0125721 0.00138328
-0.00874953 -0.0128342 0.001132
-0.00320883 -0.013341 0.00948919
-0.00634426 -0.0140463 0.00537404
-0.00666506 -0.0143111 0.00512441
-0.006959 -0.0136048 0.00405146
-0.00728064 -0.0138704 0.00380128
-0.00428175 -0.0144599 0.0084938
-0.00521011 -0.0142981 0.0069382
-0.00552669 -0.0145663 0.00668904
-0.00770702 -0.0135365 0.0024705
-0.00802594 -0.0138071 0.00221984
-0.00833552 -0.0130989 0.001132
-0.00442991 -0.0147807 0.00824512
-0.00474286 -0.0150514 0.0079965
-0.00504687 -0.0143577 0.0069382
-0.00536064 -0.0146293 0.00668904
-0.00598198 -0.0142047 0.00537404
-0.00755159 -0.0136223 0.0024705
-0.00786767 -0.0138962 0.00221984
-0.00818461 -0.0131912 0.001132
-0.00390125 -0.0145725 0.0084938
-0.00421058 -0.0148475 0.00824512
-0.00483323 -0.0144329 0.0069382
-0.00514328 -0.0147087 0.00668904
-0.00545325 -0.0149844 0.00643994
-0.00576313 -0.01526 0.00619091
-0.00766004 -0.0140097 0.00221984
-0.00798653 -0.0133091 0.001132
-0.00465884 -0.0144919 0.0069382
-0.00527272 -0.0150502 0.00643994
-0.00718091 -0.0138184 0.0024705
-0.00749014 -0.0141 0.00221984
-0.00782435 -0.013403 0.001132
-0.00342938 -0.0146984 0.0084938
-0.00373044 -0.0149824 0.00824512
-0.00406323 -0.0143016 0.00718742
-0.00436507 -0.0145865 0.0069382
-0.00466683 -0.0148713 0.00668904
-0.00496852 -0.015156 0.00643994
-0.00591076 -0.0150451 0.00487483
-0.00689918 -0.0139597 0.0024705
-0.00317159 -0.014761 0.0084938
-0.00346805 -0.0150498 0.00824512
-0.00410896 -0.0146641 0.0069382
-0.00534932 -0.0148571 0.00512441
-0.00564709 -0.0151474 0.00487483
-0.00302661 -0.0147942 0.0084938
-0.00332046 -0.0150857 0.00824512
-0.00361424 -0.0153771 0.0079965
-0.00396481 -0.0147058 0.0069382
-0.00425935 -0.014998 0.00668904
-0.00455381 -0.0152902 0.00643994
-0.00490817 -0.0146168 0.00537404
-0.00520339 -0.0149099 0.00512441
-0.00585672 -0.0145274 0.00380128
-0.00651383 -0.0141427 0.0024705
-0.00717475 -0.0137557 0.001132
-0.00252189 -0.0145455 0.00874255
-0.00281192 -0.0148409 0.0084938
-0.00310187 -0.0151363 0.00824512
-0.00339175 -0.0154315 0.0079965
-0.00375122 -0.014765 0.0069382
-0.00404184 -0.0150611 0.00668904
-0.00433239 -0.0153572 0.00643994
-0.00469567 -0.0146886 0.00537404
-0.00498697 -0.0149856 0.00512441
-0.0059373 -0.0149096 0.00355116
-0.0069735 -0.0138577 0.001132
-0.00259823 -0.0148845 0.0084938
-0.00382514 -0.0151209 0.00668904
-0.00411175 -0.0154208 0.00643994
-0.00439829 -0.0157206 0.00619091
-0.00572243 -0.0149944 0.00355116
-0.00677243 -0.0139563 0.001132
-0.00520732 -0.0147764 0.00380128
-0.00549104 -0.0150821 0.00355116
-0.00616397 -0.0147253 0.00221984
-0.00655561 -0.0140589 0.001132
-0.00215861 -0.0149649 0.0084938
-0.00243644 -0.0152717 0.00824512
-0.0031002 -0.0149268 0.0069382
-0.00337867 -0.0152344 0.00668904
-0.00365707 -0.015542 0.00643994
-0.00499894 -0.01485 0.00380128
-0.00527869 -0.0151593 0.00355116
-0.00635638 -0.0141499 0.001132
-0.0019587 -0.0149975 0.0084938
-0.00223275 -0.0153076 0.00824512
-0.00250674 -0.0156177 0.0079965
-0.00278065 -0.0159277 0.00774795
-0.00305449 -0.0162376 0.00749946
-0.00372452 -0.0159037 0.00619091
-0.00412316 -0.015256 0.00512441
-0.0043984 -0.0155678 0.00487483
-0.00467356 -0.0158795 0.00462533
-0.00507617 -0.01523 0.00355116
-0.00616615 -0.014234 0.001132
-0.00160198 -0.0159837 0.00929652
-0.00200171 -0.0153453 0.00824512
-0.00227137 -0.0156591 0.0079965
-0.00254095 -0.0159728 0.00774795
-0.00281047 -0.0162865 0.00749946
-0.00321486 -0.0156473 0.00643994
-0.00348506 -0.0159619 0.00619091
-0.00416354 -0.0156355 0.00487483
-0.00484593 -0.0153071 0.00355116
-0.00511744 -0.0156235 0.00330111
-0.00553227 -0.0149769 0.00221984
-0.00594962 -0.0143263 0.001132
-0.00205648 -0.015694 0.0079965
-0.00300005 -0.0156941 0.00643994
-0.0039488 -0.0156942 0.00487483
-0.00421561 -0.0160131 0.00462533
-0.00463529 -0.0153745 0.00355116
-0.00575128 -0.0144077 0.001132
-0.00120111 -0.0160299 0.00929652
-0.00161549 -0.0154008 0.00824512
-0.00214008 -0.0160407 0.00774795
-0.00255841 -0.01541 0.00668904
-0.00472395 -0.0157511 0.00330111
-0.0055859 -0.0144734 0.001132
-0.000997338 -0.0160498 0.00929652
-0.00193612 -0.0160716 0.00774795
-0.00288004 -0.0160936 0.00619091
-0.00313904 -0.0164174 0.00594195
-0.000721728 -0.0160728 0.00929652
-0.000974432 -0.0163989 0.0090485
-0.00140671 -0.0157826 0.0079965
-0.00166004 -0.0161096 0.00774795
-0.00260349 -0.0161465 0.00619091
-0.00285733 -0.0164743 0.00594195
-0.00425092 -0.0158913 0.00330111
-0.00469799 -0.0152665 0.00221984
-0.0012006 -0.0158054 0.0079965
-0.00144998 -0.0161355 0.00774795
-0.00214298 -0.0158528 0.00643994
-0.00239292 -0.0161837 0.00619091
-0.0026428 -0.0165146 0.00594195
-0.00334104 -0.0162323 0.00462533
-0.00369166 -0.0160906 0.00396417
-0.00449786 -0.015329 0.00221984
-0.00107885 -0.0158177 0.0079965
-0.00132588 -0.0161495 0.00774795
-0.00226845 -0.0162045 0.00619091
-0.0032162 -0.0162598 0.00462533
-0.00346427 -0.0165933 0.00437589
-0.00392046 -0.0159809 0.00330111
-0.00437941 -0.0153648 0.00221984
-0.0046288 -0.0157004 0.00196924
-0.000813736 -0.0158416 0.0079965
-0.00105561 -0.0161771 0.00774795
-0.00129742 -0.0165126 0.00749946
-0.00199722 -0.0162467 0.00619091
-0.00223957 -0.0165831 0.00594195
-0.002944 -0.0163166 0.00462533
-0.00365249 -0.0160486 0.00330111
-0.0041209 -0.0154396 0.00221984
-0.00436507 -0.015779 0.00196924
-0.000750234 -0.0162033 0.00774795
-0.00228091 -0.0165029 0.00528458
-0.0026359 -0.0163756 0.00462533
-0.00382791 -0.0155193 0.00221984
-0.00406613 -0.0158629 0.00196924
-0.000144163 -0.0168015 0.00880055
-0.000613155 -0.0162132 0.00774795
-0.000846422 -0.0165547 0.00749946
-0.00178649 -0.0166489 0.00594195
-0.00369609 -0.0155533 0.00221984
-0.00393161 -0.0158988 0.00196924
-0.000219861 -0.0162359 0.00774795
-7.54347e-05 -0.016242 0.00774795
-0.000298135 -0.0165905 0.00749946
-0.000520778 -0.0169389 0.00725104
-0.00340196 -0.0160294 0.00196924
0.000257702 -0.015896 0.0079965
3.7182e-05 -0.016246 0.00774795
-0.00111922 -0.0167248 0.00594195
-0.00206029 -0.0168545 0.00437589
-0.00256266 -0.0162793 0.00330111
-0.00278463 -0.0166321 0.00305113
-0.00329064 -0.0160546 0.00196924
-0.00089681 -0.0167446 0.00594195
-0.00183621 -0.0168858 0.00437589
-0.00205323 -0.0172402 0.00412651
-0.00256324 -0.0166724 0.00305113
-0.00307632 -0.0161012 0.00196924
-0.00161409 -0.0169141 0.00437589
-0.00182678 -0.0172711 0.00412651
-0.00234366 -0.0167095 0.00305113
-0.00286367 -0.0161446 0.00196924
0.000455703 -0.0166122 0.00749946
-0.00120215 -0.0165781 0.00462533
-0.00266896 -0.016182 0.00196924
0.00132404 -0.0155306 0.00824512
0.00112128 -0.0158913 0.0079965
0.000715919 -0.0166124 0.00749946
0.00051332 -0.0169728 0.00725104
0.000310773 -0.0173331 0.00700268
-0.00041541 -0.0171494 0.00569305
-0.000942249 -0.0166023 0.00462533
-0.00241466 -0.0162275 0.00196924
-0.00261916 -0.0165921 0.0017187
0.00157336 -0.015518 0.00824512
0.00137596 -0.0158816 0.0079965
5.57186e-05 -0.016798 0.00594195
-0.000141946 -0.0171624 0.00569305
-0.000339558 -0.0175266 0.00544422
0.0015455 -0.0158731 0.0079965
0.00135174 -0.0162386 0.00774795
0.000964377 -0.0169692 0.00725104
-0.000694406 -0.0170021 0.00437589
-0.000888882 -0.0173693 0.00412651
-0.00108331 -0.0177365 0.0038772
-0.00162827 -0.0172028 0.00280121
-0.00217653 -0.0166659 0.0017187
0.00153287 -0.0149542 0.00718742
0.00170464 -0.0162198 0.00774795
0.00133204 -0.0169581 0.00725104
0.00114582 -0.0173271 0.00700268
0.00059881 -0.0168061 0.00594195
-0.000325745 -0.0170243 0.00437589
-0.00181433 -0.016718 0.0017187
0.00244725 -0.015092 0.0084938
0.00226491 -0.0154635 0.00824512
0.00208262 -0.015835 0.0079965
0.00190038 -0.0162063 0.00774795
0.00153604 -0.0169488 0.00725104
0.00135394 -0.0173198 0.00700268
0.00117189 -0.0176908 0.00675439
-0.000120907 -0.0170334 0.00437589
-0.000303811 -0.0174066 0.00412651
-0.00104804 -0.0172632 0.00280121
-0.00161282 -0.0167437 0.0017187
0.00230885 -0.0158139 0.0079965
0.00213152 -0.0161876 0.00774795
0.00195424 -0.0165612 0.00749946
0.001777 -0.0169348 0.00725104
0.000685129 -0.0175496 0.00544422
0.00290355 -0.0150341 0.0084938
0.00273162 -0.0154106 0.00824512
0.00255974 -0.015787 0.0079965
0.00238791 -0.0161632 0.00774795
0.00204437 -0.0169155 0.00725104
0.00187267 -0.0172915 0.00700268
0.000961619 -0.0175462 0.00544422
-0.00110897 -0.0167982 0.0017187
0.00382321 -0.0154726 0.00954459
0.00292403 -0.0157412 0.0079965
0.00276025 -0.0161211 0.00774795
0.00136376 -0.0175341 0.00544422
0.00393649 -0.0154505 0.00954459
0.00303915 -0.0157251 0.0079965
0.00287794 -0.0161061 0.00774795
0.00239456 -0.0172483 0.00700268
0.00223351 -0.0176289 0.00675439
0.00165242 -0.0171469 0.00569305
0.00149101 -0.0175285 0.00544422
0.00132965 -0.0179101 0.00519545
-0.000599754 -0.0168389 0.0017187
0.0032721 -0.0153327 0.00824512
0.00311248 -0.0157144 0.0079965
0.00295291 -0.0160961 0.00774795
0.00247445 -0.0172404 0.00700268
0.00231505 -0.0176217 0.00675439
0.00173188 -0.0171421 0.00569305
0.000664837 -0.0178101 0.0038772
-0.000521592 -0.0168438 0.0017187
0.00426989 -0.0157314 0.00929652
0.00368088 -0.0152619 0.00824512
0.0035307 -0.0156474 0.0079965
0.00338056 -0.0160329 0.00774795
0.00323046 -0.0164182 0.00749946
0.0030804 -0.0168035 0.00725104
0.00218562 -0.0171086 0.00569305
0.0020353 -0.0174948 0.00544422
0.00188502 -0.0178808 0.00519545
0.00173479 -0.0182668 0.00494675
-7.45109e-05 -0.0168658 0.0017187
0.00387539 -0.0155842 0.0079965
0.00373312 -0.0159726 0.00774795
0.00359089 -0.016361 0.00749946
0.00344869 -0.0167492 0.00725104
0.00330654 -0.0171373 0.00700268
0.0025603 -0.0170725 0.00569305
0.00241787 -0.0174616 0.00544422
0.00227548 -0.0178506 0.00519545
0.00396437 -0.0155667 0.0079965
0.00382415 -0.0159559 0.00774795
0.00368396 -0.0163449 0.00749946
0.00354381 -0.0167339 0.00725104
0.0034037 -0.0171228 0.00700268
0.00237641 -0.0178415 0.00519545
0.00503499 -0.0155485 0.00929652
0.00416015 -0.0158897 0.00774795
0.00402757 -0.0162815 0.00749946
0.00389502 -0.0166731 0.00725104
0.00376251 -0.0170646 0.00700268
0.00288214 -0.0174108 0.00544422
0.00274941 -0.0178032 0.00519545
0.00465567 -0.0150506 0.00824512
0.00452853 -0.0154444 0.0079965
0.00440142 -0.015838 0.00774795
0.00427435 -0.0162316 0.00749946
0.00414731 -0.016625 0.00725104
0.00402031 -0.0170183 0.00700268
0.00389333 -0.0174116 0.00675439
0.00483212 -0.0150059 0.00824512
0.00470924 -0.015401 0.0079965
0.00458638 -0.015796 0.00774795
0.00446356 -0.0161908 0.00749946
0.00434078 -0.0165856 0.00725104
0.00334651 -0.0173483 0.00544422
0.00322357 -0.0177439 0.00519545
0.000815493 -0.016854 0.0010496
0.00495202 -0.0153394 0.0079965
0.00483492 -0.0157361 0.00774795
0.00471785 -0.0161328 0.00749946
0.00376518 -0.0176614 0.00519545
0.00301142 -0.0176571 0.0038772
0.00289958 -0.0180571 0.00362796
0.0022533 -0.0176529 0.00255135
0.00160311 -0.0172462 0.00146824
0.00611207 -0.0155917 0.0090485
0.0060077 -0.0159907 0.00880055
0.00536793 -0.0155948 0.00774795
0.00388668 -0.0184046 0.00469811
0.00192694 -0.0172258 0.00146824
0.00620213 -0.0159287 0.00880055
0.00610228 -0.0163287 0.00855267
0.00600245 -0.0167286 0.00830485
0.00430861 -0.0175626 0.00519545
0.00420848 -0.0179645 0.00494675
0.00213551 -0.0172096 0.00146824
0.00709535 -0.0162234 0.0098469
0.00644951 -0.0158464 0.00880055
0.00635542 -0.0162478 0.00855267
0.00626135 -0.0166491 0.00830485
0.00240172 -0.0171856 0.00146824
0.00671028 -0.0157553 0.00880055
0.0066223 -0.0161581 0.00855267
0.00326762 -0.0179311 0.00230156
0.00259466 -0.0175642 0.00121784
0.00747437 -0.0164478 0.00959961
0.00681862 -0.0160892 0.00855267
0.00590827 -0.0169428 0.00675439
0.00582476 -0.0173474 0.00650616
0.00289112 -0.0171313 0.00146824
0.00766109 -0.0163744 0.00959961
0.00721634 -0.0163197 0.00830485
0.00714392 -0.0167254 0.00805709
0.00339099 -0.0170623 0.00146824
0.00570938 -0.017622 0.00494675
0.00358363 -0.0170319 0.00146824
0.00684071 -0.0166455 0.00675439
0.00677811 -0.0170538 0.00650616
0.00812923 -0.016337 0.00805709
0.00734205 -0.0168544 0.00650616
0.00761357 -0.0159655 0.00700268
0.00599078 -0.0174333 0.00362796
0.00453461 -0.0172569 0.00121784
0.0085793 -0.0161382 0.00805709
0.00776619 -0.0170868 0.006258
0.00702774 -0.0172161 0.00494675
0.00698829 -0.0176283 0.00469811
0.00482627 -0.0171927 0.00121784
0.00885894 -0.0156129 0.00830485
0.00882529 -0.0160236 0.00805709
0.00879165 -0.0164342 0.0078094
0.00805929 -0.016572 0.00650616
0.00508753 -0.017131 0.00121784
0.00904414 -0.0151252 0.00855267
0.00929643 -0.0149932 0.00855267
0.00927288 -0.0154047 0.00830485
0.00924934 -0.0158161 0.00805709
0.00854408 -0.0155581 0.00700268
0.00852056 -0.0159707 0.00675439
0.00847355 -0.0167955 0.006258
0.00553993 -0.017015 0.00121784
0.00961284 -0.0140147 0.0090485
0.00959648 -0.0144268 0.00880055
0.00958011 -0.0148388 0.00855267
0.00956375 -0.0152506 0.00830485
0.00954739 -0.0156624 0.00805709
0.00953104 -0.016074 0.0078094
0.00880513 -0.0162424 0.00650616
0.00585949 -0.0169259 0.00121784
0.00978626 -0.0139115 0.0090485
0.00977456 -0.0143237 0.00880055
0.00976287 -0.0147358 0.00855267
0.00975118 -0.0151479 0.00830485
0.00899223 -0.0165611 0.006258
0.00826419 -0.0167399 0.00494675
0.0067955 -0.0171006 0.00230156
0.0107133 -0.014418 0.0098469
0.00999584 -0.0146006 0.00855267
0.00999016 -0.0150128 0.00830485
0.0085265 -0.0166263 0.00494675
0.00852098 -0.0170403 0.00469811
0.0102308 -0.0144596 0.00855267
0.00659827 -0.0166965 0.00121784
0.0104589 -0.0134851 0.0090485
0.0104724 -0.0143096 0.00855267
0.0104791 -0.0147218 0.00830485
0.0104859 -0.0151338 0.00805709
0.0104926 -0.0155457 0.0078094
0.0113429 -0.0144135 0.00959961
0.0106335 -0.0146257 0.00830485
0.0106442 -0.0150376 0.00805709
0.0106549 -0.0154495 0.0078094
0.00993078 -0.0152522 0.00675439
0.0106763 -0.0162728 0.00731422
0.00779954 -0.0171525 0.00205184
0.0115778 -0.0138277 0.0098469
0.0108891 -0.014462 0.00830485
0.0109064 -0.0148737 0.00805709
0.0109932 -0.0135421 0.00880055
0.0110144 -0.0139539 0.00855267
0.0110567 -0.0147771 0.00805709
0.0110779 -0.0151885 0.0078094
0.00972317 -0.016898 0.00444954
0.0111909 -0.0134019 0.00880055
0.0112443 -0.0142247 0.00830485
0.011271 -0.0146359 0.00805709
0.00851041 -0.0168595 0.00205184
0.0121312 -0.0134109 0.0098469
0.0121636 -0.0138207 0.00959961
0.0114664 -0.0140703 0.00830485
0.0114989 -0.0144811 0.00805709
0.0115315 -0.0148917 0.0078094
0.0115641 -0.0153023 0.00756178
0.00798686 -0.016173 0.00121784
0.0123862 -0.0132077 0.0098469
0.0124258 -0.0136168 0.00959961
0.011733 -0.0138785 0.00830485
0.0117728 -0.0142887 0.00805709
0.0118125 -0.0146987 0.0078094
0.0118522 -0.0151087 0.00756178
0.0082907 -0.0160415 0.00121784
0.0118089 -0.0129371 0.00880055
0.0118531 -0.013347 0.00855267
0.0118973 -0.0137568 0.00830485
0.0113367 -0.0152598 0.006258
0.0106841 -0.0159472 0.00469811
0.0092782 -0.0165057 0.00205184
0.00932321 -0.0169195 0.00180219
0.0120499 -0.013194 0.00855267
0.0109661 -0.0162205 0.00444954
0.0102692 -0.0165096 0.00312967
0.00951776 -0.0163871 0.00205184
0.0130515 -0.0135543 0.00935239
0.0112185 -0.016069 0.00444954
0.0104695 -0.0159567 0.00337878
0.0105258 -0.016368 0.00312967
0.0131763 -0.0129907 0.00959961
0.0132368 -0.0133972 0.00935239
0.01268 -0.0145101 0.00756178
0.0133321 -0.0123865 0.0098469
0.0134658 -0.0131975 0.00935239
0.0130043 -0.0137948 0.0078094
0.0108246 -0.0152075 0.00230156
0.0109082 -0.0156154 0.00205184
0.0135201 -0.0128766 0.00805709
0.0125465 -0.015185 0.00444954
0.0111197 -0.0154849 0.00205184
0.0127891 -0.0150066 0.00444954
0.0139994 -0.0114168 0.00855267
0.0141068 -0.0118148 0.00830485
0.0143215 -0.0126103 0.0078094
0.0119472 -0.0149376 0.00205184
0.0123643 -0.0151232 0.00180219
0.0150553 -0.0105559 0.0098469
0.0158038 -0.0107279 0.00935239
0.0154956 -0.0113476 0.0078094
0.0149715 -0.011092 0.00121784
0.0160848 -0.0104257 0.00230156
0.0172523 -0.00586914 0.00880055
0.0174865 -0.00620845 0.00855267
0.0174816 -0.00749823 0.00255135
0.0192254 -0.00464054 0.0078094
0.0195051 -0.00494283 0.00756178
0.0197848 -0.00524504 0.00731422
0.0193929 -0.00587938 0.0060099
0.0196733 -0.0061823 0.00576187
0.01928 -0.00682106 0.00444954
0.0195613 -0.00712468 0.00420103
0.0184867 -0.00810962 0.00180219
0.0187696 -0.00841482 0.0015526
0.018735 -0.00441944 0.00675439
0.0176922 -0.00615924 0.00280121
0.0179884 -0.0064523 0.00255135
0.0177407 -0.00604754 0.00280121
0.0180387 -0.00633865 0.00255135
0.0183367 -0.00662969 0.00230156
0.0174457 -0.00655275 0.00146824
0.0182597 -0.00581483 0.00255135
0.0176021 -0.00620939 0.00146824
0.0179096 -0.00649221 0.00121784
0.0180141 -0.00537665 0.00280121
0.0176691 -0.00605643 0.00146824
0.0177389 -0.00589297 0.00146824
0.0188393 -0.00261039 0.00700268
0.0178553 -0.00561006 0.00146824
0.0181726 -0.00588195 0.00121784
0.0176048 -0.00516592 0.0017187
0.0179248 -0.00543465 0.00146824
0.0182448 -0.00570331 0.00121784
0.0186017 -0.00194791 0.00725104
0.0189211 -0.00221026 0.00700268
0.0183151 -0.00453523 0.00280121
0.0176799 -0.00496578 0.0017187
0.018003 -0.00523074 0.00146824
0.0183261 -0.00549562 0.00121784
0.0186194 -0.0018492 0.00725104
0.0189402 -0.0021098 0.00700268
0.0186363 -0.00279443 0.00569305
0.018958 -0.00305562 0.00544422
0.0177141 -0.00487209 0.0017187
0.0180387 -0.00513527 0.00146824
0.0183633 -0.00539838 0.00121784
0.0186878 -0.00143295 0.00725104
0.0184751 -0.00402739 0.00280121
0.0178525 -0.00447589 0.0017187
0.0181831 -0.00473152 0.00146824
0.0185136 -0.00498708 0.00121784
0.0185054 -0.00392514 0.00280121
0.0178853 -0.00437719 0.0017187
0.0182174 -0.00463092 0.00146824
0.0185494 -0.00488459 0.00121784
0.0186065 -0.00356763 0.00280121
0.0179955 -0.00403193 0.0017187
0.0183325 -0.00427901 0.00146824
0.0186695 -0.00452602 0.00121784
0.0183314 -0.00308303 0.00305113
0.0177256 -0.00355484 0.00196924
0.018066 -0.00379742 0.0017187
0.0184064 -0.00403994 0.00146824
0.0176986 -0.00364871 0.00196924
0.0180376 -0.00389316 0.0017187
0.0183766 -0.00413754 0.00146824
0.0187156 -0.00438186 0.00121784
0.0178335 -0.00315917 0.00196924
0.0181794 -0.00339385 0.0017187
0.0185252 -0.00362847 0.00146824
0.0182433 -0.00314939 0.0017187
0.0189413 -0.00360892 0.00121784
0.0176183 -0.00236632 0.00221984
0.0183253 -0.00281272 0.0017187
0.0186787 -0.00303584 0.00146824
0.0190319 -0.00325889 0.00121784
0.0182419 -0.00160868 0.00330111
0.0180264 -0.00233941 0.00196924
0.018383 -0.00255748 0.0017187
0.0187395 -0.0027755 0.00146824
0.019096 -0.00299345 0.00121784
0.0129814 0.00343123 0.00993321
0.0133384 0.00321727 0.00968327
0.0184196 -0.00238571 0.0017187
0.0187783 -0.00260027 0.00146824
0.0191368 -0.00281478 0.00121784
0.0129555 0.00357821 0.00993321
0.0133151 0.00336851 0.00968327
0.0191847 -0.00259424 0.00121784
0.0129315 0.00370657 0.00993321
0.0132932 0.00350061 0.00968327
0.0174075 -0.00136791 0.0024705
0.0177711 -0.0015746 0.00221984
0.0188613 -0.00219433 0.00146824
0.0119596 0.00360327 0.0091265
0.0123263 0.00340327 0.00887588
0.0126928 0.00320331 0.00862532
0.0174532 -0.00106549 0.0024705
0.0178204 -0.00126561 0.00221984
0.0128337 0.00416741 0.00993321
0.0132029 0.00397516 0.00968327
0.0126539 0.00343929 0.00862532
0.0130241 0.00324659 0.00837483
0.0178678 -0.0009286 0.00221984
0.0182388 -0.00112146 0.00196924
0.0128001 0.00430835 0.00993321
0.0131715 0.00412038 0.00968327
0.0126287 0.00357821 0.00862532
0.0130012 0.00338979 0.00837483
0.0127676 0.00443847 0.00993321
0.013141 0.00425447 0.00968327
0.0130599 0.00388882 0.00902999
0.0129785 0.00352211 0.00837483
0.0133529 0.00333773 0.0081244
0.0127224 0.00461031 0.00993321
0.0130984 0.00443161 0.00968327
0.0134742 0.00425296 0.00943339
0.0129462 0.00369703 0.00837483
0.0133232 0.00351796 0.0081244
0.0126949 0.00471055 0.00993321
0.0130723 0.00453497 0.00968327
0.0134496 0.00435943 0.00943339
0.0129262 0.00379915 0.00837483
0.0133046 0.0036232 0.0081244
0.0136829 0.0034473 0.00787404
0.0140611 0.00327145 0.00762374
0.0166768 -0.000380402 0.00163463
0.0179514 -0.000155798 0.00221984
0.0130185 0.00473741 0.00968327
0.0133986 0.00456803 0.00943339
0.0137786 0.0043987 0.00918357
0.0132656 0.00382955 0.0081244
0.0131319 0.00308679 0.00680784
0.0135142 0.00291668 0.00655693
0.0163189 5.18025e-05 0.00188604
0.0167025 -0.000118697 0.00163463
0.0125986 0.00503764 0.00993321
0.0129807 0.00487236 0.00968327
0.0133626 0.00470713 0.00943339
0.0132377 0.00396724 0.0081244
0.0136206 0.00380167 0.00787404
0.0135585 0.00342993 0.00721644
0.0134961 0.00305713 0.00655693
0.0138801 0.00289122 0.00630609
0.0167173 5.66189e-05 0.00163463
0.0171026 -0.000109653 0.00138328
0.013307 0.00491055 0.00943339
0.0136914 0.00475148 0.00918357
0.013194 0.00416876 0.0081244
0.0134669 0.00326289 0.00655693
0.0138535 0.00310314 0.00630609
0.0167356 0.0003142 0.00163463
0.0140442 0.00472016 0.00893383
0.0135535 0.00413236 0.00787404
0.0139404 0.00397663 0.00762374
0.0138883 0.00360326 0.00696587
0.013836 0.00322881 0.00630609
0.014224 0.00307277 0.00605531
0.0163549 0.000623785 0.00188604
0.0167445 0.000467331 0.00163463
0.0171339 0.000310918 0.00138328
0.013611 0.00504552 0.00918357
0.0139988 0.00489518 0.00893383
0.0135158 0.00430104 0.00787404
0.0139048 0.00415037 0.00762374
0.0142936 0.00399974 0.00737351
0.0138101 0.00340125 0.00630609
0.0142001 0.00325028 0.00605531
0.013715 0.00264779 0.0049808
0.0163628 0.000829284 0.00188604
0.0167543 0.000677921 0.00163463
0.0171457 0.000526599 0.00138328
0.017537 0.000375316 0.001132
0.0135616 0.00521457 0.00918357
0.0139513 0.00506929 0.00893383
0.0143409 0.00492405 0.00868414
0.0138669 0.00432331 0.00762374
0.0142577 0.00417775 0.00737351
0.0137821 0.00357303 0.00630609
0.0141739 0.00342715 0.00605531
0.0145657 0.0032813 0.0058046
0.0171548 0.000742025 0.00138328
0.017548 0.000595847 0.001132
0.014194 0.00446747 0.00737351
0.0145877 0.00433029 0.00712335
0.0141263 0.00371526 0.00605531
0.0136621 0.0030965 0.0049808
0.0140581 0.00295868 0.00472947
0.0144541 0.0028209 0.00447821
0.0155131 0.000879002 0.00104554
0.0145938 0.00529709 0.00843453
0.0141435 0.00467899 0.00737351
0.0145118 0.00417177 0.00646492
0.0144843 0.00379449 0.0058046
0.0140311 0.00316826 0.00472947
0.0144292 0.00303667 0.00447821
0.0141023 0.00484116 0.00737351
0.0144996 0.00471488 0.00712335
0.0144767 0.00433839 0.00646492
0.0144538 0.00396081 0.0058046
0.0148521 0.0038343 0.00555395
0.0144077 0.00320238 0.00447821
0.0151182 0.00141766 0.00129771
0.0155199 0.00129041 0.00104554
0.0137053 0.00585664 0.00893383
0.0141029 0.00573482 0.00868414
0.0145003 0.00561303 0.00843453
0.0148977 0.00549127 0.00818497
0.0144628 0.00486285 0.00712335
0.014425 0.00410834 0.0058046
0.0148246 0.00398607 0.00555395
0.0143869 0.00334946 0.00447821
0.0139466 0.00270897 0.00339593
0.0143487 0.00258617 0.00314412
0.013907 0.00194149 0.00205462
0.0143103 0.00181843 0.00180225
0.0147134 0.0016954 0.00154995
0.0136381 0.00604682 0.00893383
0.0140374 0.0059308 0.00868414
0.0148101 0.00494795 0.00687325
0.0152103 0.00483178 0.00662322
0.0147845 0.00419274 0.00555395
0.0143561 0.00354982 0.00447821
0.0147587 0.00343315 0.00422701
0.0143017 0.00201784 0.00180225
0.0147066 0.00190069 0.00154995
0.0151114 0.00178357 0.00129771
0.0147801 0.00587571 0.00818497
0.014764 0.00512458 0.00687325
0.0151655 0.00501339 0.00662322
0.0147477 0.0043691 0.00555395
0.0143274 0.0037209 0.00447821
0.0139045 0.00306876 0.00339593
0.0143098 0.00295686 0.00314412
0.0147149 0.00284498 0.00289237
0.0142921 0.00218836 0.00180225
0.0146984 0.00207626 0.00154995
0.0151046 0.00196419 0.00129771
0.0139199 0.00626068 0.00868414
0.0147236 0.00604846 0.00818497
0.0143136 0.00540348 0.00712335
0.0147166 0.00529718 0.00687325
0.0151195 0.0051909 0.00662322
0.0147096 0.00454156 0.00555395
0.0151136 0.00443508 0.00530337
0.0147025 0.00378156 0.00422701
0.0142889 0.00312408 0.00314412
0.0146954 0.00301715 0.00289237
0.0142805 0.00235543 0.00180225
0.0146882 0.00224829 0.00154995
0.0155032 0.00203411 0.00104554
0.0150637 0.00539475 0.00662322
0.015468 0.00529418 0.00637325
0.0150685 0.00463892 0.00530337
0.0146666 0.00397969 0.00422701
0.0150733 0.00387871 0.00397588
0.0138555 0.00264918 0.00205462
0.0142648 0.00254776 0.00180225
0.0146739 0.00244637 0.00154995
0.0149796 0.00568318 0.00662322
0.0149994 0.00492759 0.00530337
0.0154068 0.00483495 0.00505286
0.0142198 0.00358927 0.00314412
0.0146297 0.00349625 0.00289237
0.0146392 0.00311248 0.00222213
0.0146487 0.00272759 0.00154995
0.0144696 0.00674984 0.00818497
0.0153155 0.00582723 0.00637325
0.0149399 0.005158 0.00530337
0.0153487 0.00507191 0.00505286
0.0149721 0.00439846 0.00397588
0.0145932 0.00372092 0.00289237
0.0150044 0.0036345 0.00264069
0.0146245 0.00295266 0.00154995
0.0147832 0.00690637 0.00793549
0.0152368 0.00607718 0.00637325
0.0152828 0.00532254 0.00505286
0.0149177 0.00464277 0.00397588
0.0153291 0.00456352 0.00372482
0.0149631 0.00387948 0.00264069
0.0145948 0.00319127 0.00154995
0.0155095 0.00698968 0.00743671
0.0151584 0.00631247 0.00637325
0.0155685 0.00624009 0.00612335
0.0156278 0.00548617 0.00480241
0.015275 0.00480049 0.00372482
0.0149201 0.00411064 0.00264069
0.0153339 0.00403791 0.00238907
0.0149781 0.00334373 0.00129771
